inlier,x,y,X,Y,Z,conf
0.0,274.0,86.0,72.34550142288208,117.19578993320465,15.28320624481239,0.03788270056247711
0.0,274.0,86.0,66.36769485473633,116.7536301612854,16.581543445587158,0.05607794597744942
1.0,278.0,86.0,66.34533309936523,116.88997626304626,16.96792697906494,0.10755614936351776
1.0,282.0,86.0,71.14065504074097,118.74297218164429,14.260654708252332,0.04494648426771164
1.0,282.0,86.0,71.1777081489563,112.20339584350586,21.212902545928955,0.04553002119064331
1.0,282.0,86.0,67.31313037872314,115.50552821159363,17.917272090911865,0.08743802458047867
1.0,286.0,86.0,71.566077709198,109.60045433044434,22.63758870959282,0.16949845850467682
1.0,286.0,86.0,68.0110216140747,113.12289500236511,19.50475776195526,0.13577809929847717
1.0,290.0,86.0,72.88699865341187,104.52847719192505,22.87272154726088,0.5173442363739014
1.0,294.0,86.0,76.11024022102356,100.14897179603577,21.21174192428589,0.70506352186203
1.0,298.0,86.0,77.99309744313359,96.05862236022949,17.330354690551758,0.7076314687728882
1.0,302.0,86.0,78.8739854991436,99.13557815551758,0.09780597686767578,0.28515809774398804
0.0,274.0,90.0,60.42847013473511,117.75646448135376,16.88681936264038,0.1199529618024826
1.0,278.0,90.0,60.83322715759277,116.00499296188354,18.620092153549194,0.2361961305141449
1.0,282.0,90.0,61.82374048233032,111.71989154815674,21.83787316083908,0.40249747037887573
1.0,286.0,90.0,66.33183860778809,105.57579040527344,26.160560131072998,0.26428255438804626
1.0,286.0,90.0,64.1900110244751,107.19601154327393,23.60697650909424,0.4783458113670349
1.0,290.0,90.0,67.59218883514404,100.2747288942337,25.308942079544067,0.6600261330604553
1.0,294.0,90.0,72.46392393112183,94.18502140045166,23.698119819164276,0.8328933119773865
1.0,298.0,90.0,74.58565354347229,90.41059684753418,20.59031629562378,0.8531026244163513
1.0,302.0,90.0,76.31837868690491,87.22517395019531,16.185204029083252,0.7405605316162109
1.0,306.0,90.0,78.82425621151924,87.32881164550781,2.7916979789733887,0.6760236024856567
0.0,270.0,94.0,56.341068744659424,119.71710300445557,16.74536657333374,0.0960523784160614
1.0,274.0,94.0,54.39895439147949,117.76317548751831,18.750696420669556,0.228141188621521
1.0,278.0,94.0,54.11686396598816,113.83106705546379,21.198991239070892,0.4245266318321228
1.0,282.0,94.0,55.43816423416138,107.94527292251587,24.08677339553833,0.6967350244522095
1.0,286.0,94.0,58.259278774261475,102.494309425354,26.16890048980713,0.7055159211158752
1.0,290.0,94.0,61.38807773590088,97.1261682510376,26.072946548461914,0.2526713013648987
1.0,290.0,94.0,64.4167833328247,96.04214358329773,25.839813947677612,0.3567102253437042
1.0,290.0,94.0,62.17770957946777,100.33810710906982,25.048538208007812,0.2945697009563446
1.0,294.0,94.0,66.41458511352539,90.37739753723145,23.939402103424072,0.5931965112686157
1.0,298.0,94.0,68.73811435699463,85.92912769317627,20.251343488693237,0.6020960807800293
1.0,302.0,94.0,71.89228868484497,83.5766544342041,14.646309852600098,0.28077173233032227
1.0,302.0,94.0,70.51012849807739,85.06574821472168,17.175844192504883,0.4025898575782776
1.0,306.0,94.0,74.70782577991486,80.02575969696045,12.405410766601562,0.6676331758499146
1.0,310.0,94.0,75.77086782455444,77.00429725646973,6.396915435791016,0.364087849855423
0.0,270.0,98.0,48.99150800704956,119.18238306045532,18.423916816711426,0.16907884180545807
1.0,274.0,98.0,47.27401351928711,115.28236091136932,20.066039085388184,0.33092790842056274
1.0,278.0,98.0,47.13896179199219,109.96882581710815,22.881583094596863,0.5800294876098633
1.0,282.0,98.0,50.49399995803833,105.2371826171875,24.941842794418335,0.7029950022697449
1.0,286.0,98.0,53.80369687080383,99.25317478179932,26.317341327667236,0.4474048316478729
1.0,286.0,98.0,54.59079718589783,100.15874862670898,25.580448627471924,0.39856550097465515
1.0,290.0,98.0,58.29531192779541,93.85952472686768,25.41290247440338,0.8094836473464966
1.0,294.0,98.0,61.58354091644287,87.69362568855286,23.05411994457245,0.7788901925086975
1.0,298.0,98.0,62.84837055206299,84.58008348941803,20.546924114227295,0.7255082130432129
1.0,302.0,98.0,64.55947017669678,82.18942737579346,17.873751640319824,0.3533259630203247
1.0,302.0,98.0,66.67171478271484,81.11822986602783,16.81308937072754,0.36406469345092773
1.0,306.0,98.0,69.6688940525055,77.23673439025879,14.174901962280273,0.719488799571991
1.0,310.0,98.0,72.37858188152313,72.28286552429199,10.085468769073486,0.34314730763435364
1.0,270.0,102.0,33.15773844718933,119.7514979839325,12.52981972694397,0.11550402641296387
1.0,270.0,102.0,42.43251991271973,118.69331741333008,19.379730939865112,0.15499217808246613
1.0,274.0,102.0,37.64498805999756,116.440016746521,16.886019587516785,0.240885391831398
1.0,274.0,102.0,40.90162754058838,113.81259390711784,21.932497441768646,0.25888001918792725
1.0,278.0,102.0,42.376763343811035,107.77800273895264,23.83143973350525,0.41152745485305786
1.0,282.0,102.0,45.36562204360962,100.98198509216309,25.145417094230652,0.35901156067848206
1.0,282.0,102.0,45.80255317687988,102.84986877441406,25.037842273712158,0.2799709439277649
1.0,286.0,102.0,49.81634631752968,96.3378324508667,25.7820326089859,0.6863576173782349
1.0,290.0,102.0,52.86570715904236,90.27452301979065,24.910933196544647,0.7481855750083923
1.0,294.0,102.0,56.21346569061279,85.16775870323181,22.475118398666382,0.7675400376319885
1.0,298.0,102.0,57.57925224304199,81.99350833892822,19.45792818069458,0.8205230832099915
1.0,302.0,102.0,59.66474437713623,79.30486297607422,16.012181282043457,0.6484583616256714
1.0,306.0,102.0,64.54571342468262,72.2813630104065,13.811441421508789,0.7054848670959473
1.0,310.0,102.0,67.10713005065918,68.20041632652283,10.310616970062256,0.5104548335075378
1.0,314.0,102.0,68.63783931732178,65.58883094787598,3.184890866279602,0.1715300977230072
1.0,270.0,106.0,30.7812402844429,118.10109949111938,13.887043833732605,0.2201695740222931
1.0,274.0,106.0,34.28946018218994,114.03536796569824,19.225427627563477,0.4369015693664551
1.0,278.0,106.0,39.44367694854736,105.55717277526855,24.84708023071289,0.4174940288066864
1.0,282.0,106.0,41.90386486053467,99.13647842407227,25.642852067947388,0.3790830671787262
1.0,282.0,106.0,43.23997116088867,100.4866361618042,25.648343592882156,0.3656187355518341
1.0,286.0,106.0,44.890270709991455,94.18406438827515,25.785778641700745,0.7332391738891602
1.0,290.0,106.0,47.683854818344116,88.59340953826904,24.82834756374359,0.8302735090255737
1.0,294.0,106.0,50.997971415519714,83.56346297264099,21.861578226089478,0.8788439631462097
1.0,298.0,106.0,52.676371574401855,79.28753852844238,17.651822090148926,0.9005779027938843
1.0,302.0,106.0,53.63868474960327,77.21532154083252,14.450628280639648,0.32925108075141907
1.0,302.0,106.0,55.19902181625366,75.23164939880371,15.254422187805176,0.5994383692741394
1.0,306.0,106.0,58.59594249725342,68.96511888504028,13.349081873893738,0.8261389136314392
1.0,310.0,106.0,61.544976234436035,64.62546372413635,9.328833103179932,0.4688139259815216
1.0,310.0,106.0,61.08392524719238,64.81910133361816,7.796847343444824,0.29487916827201843
1.0,314.0,106.0,62.512075424194336,63.29093790054321,1.9198169708251953,0.29183152318000793
1.0,266.0,110.0,23.036401748657227,118.7355809211731,10.846008777618408,0.12001284956932068
1.0,270.0,110.0,25.350923538208008,117.35660219192505,15.477109670639038,0.32259654998779297
1.0,274.0,110.0,29.27185034751892,112.6595025062561,19.759042739868164,0.34562382102012634
1.0,274.0,110.0,30.482438802719116,109.2012128829956,24.610810339450836,0.30480027198791504
1.0,278.0,110.0,32.9822940826416,103.05994462966919,25.53916309028864,0.8105406761169434
1.0,282.0,110.0,36.05235290527344,97.99099731445312,26.141846656799316,0.7649613618850708
1.0,286.0,110.0,39.65621566772461,91.56977033615112,25.501864552497864,0.41951173543930054
1.0,286.0,110.0,37.257439613342285,92.4213490486145,25.886194199323654,0.403331995010376
1.0,290.0,110.0,41.971038818359375,86.13723346590996,22.916656374931335,0.8737538456916809
1.0,294.0,110.0,44.66175603866577,81.45624494552612,19.479493618011475,0.9347635507583618
1.0,298.0,110.0,46.02542495727539,77.64346504211426,15.881050109863281,0.5593082308769226
1.0,298.0,110.0,47.36192452907562,77.45102500915527,16.086884260177612,0.41831767559051514
1.0,302.0,110.0,50.64865756034851,71.99873924255371,15.405514001846313,0.9520083069801331
1.0,306.0,110.0,53.89924716949463,66.1513397693634,12.18248288333416,0.9599988460540771
1.0,310.0,110.0,55.92580461502075,63.168618738651276,7.022591590881348,0.8391391038894653
1.0,314.0,110.0,58.555264472961426,62.25396394729614,0.21878552436828613,0.20203723013401031
1.0,314.0,110.0,56.471699714660645,62.058576822280884,1.4116296768188477,0.1902942955493927
1.0,266.0,114.0,17.055845260620117,117.80219304561615,13.487353324890137,0.22806264460086823
1.0,270.0,114.0,18.542207717895508,116.9585599899292,16.253684282302856,0.37425535917282104
1.0,274.0,114.0,22.97639799118042,105.84769439697266,25.49563217908144,0.654367208480835
1.0,278.0,114.0,26.791070342063904,99.1467866897583,25.80185431241989,0.8483311533927917
1.0,282.0,114.0,30.121779680252075,94.69934797286987,25.489561529830098,0.8149963617324829
1.0,286.0,114.0,32.67316913604736,88.8768048286438,24.62271898984909,0.822303056716919
1.0,290.0,114.0,36.942670822143555,83.66133236885071,20.870269298553467,0.5855173468589783
1.0,290.0,114.0,34.61003494262695,84.69451236724854,21.988391876220703,0.30570748448371887
1.0,294.0,114.0,38.72039222717285,79.32388162612915,17.820783615112305,0.8306826949119568
1.0,298.0,114.0,42.713735580444336,74.73250007629395,15.928650856018066,0.8688861727714539
1.0,302.0,114.0,45.36554408073425,68.96527433395386,14.902392148971558,0.9808833599090576
1.0,306.0,114.0,48.250702545046806,63.40912643074989,11.611018717288971,0.9644026756286621
1.0,310.0,114.0,50.430683612823486,60.314120054244995,5.712337493896484,0.8410464525222778
1.0,314.0,114.0,51.49357223510742,59.53685665130615,-1.6615333557128906,0.19200938940048218
1.0,314.0,114.0,51.76858568191528,59.91173005104065,-0.06352424621582031,0.22999130189418793
1.0,266.0,118.0,11.340660095214844,117.78945219516754,15.182802498340607,0.23362663388252258
1.0,270.0,118.0,12.251673698425293,110.17486190795898,22.93627643585205,0.11209013313055038
1.0,270.0,118.0,11.627717971801758,115.68129467964172,16.824543952941895,0.17167553305625916
1.0,270.0,118.0,16.597084999084473,110.7314043045044,24.94072461128235,0.1644875407218933
1.0,274.0,118.0,17.799683570861816,102.93702173233032,25.780596256256104,0.691001296043396
1.0,278.0,118.0,21.603765964508057,96.96456837654114,25.679871380329132,0.8119106888771057
1.0,282.0,118.0,24.664056658744812,91.43705940246582,24.62080353498459,0.8379485607147217
1.0,286.0,118.0,28.178813457489014,86.35351848602295,23.275813817977905,0.8653169274330139
1.0,290.0,118.0,33.054518699645996,82.08381175994873,16.983744621276855,0.30405744910240173
1.0,290.0,118.0,30.636170387268066,83.7646598815918,19.206032752990723,0.5388106107711792
1.0,294.0,118.0,35.31425666809082,76.1009874343872,15.734388709068298,0.7774603962898254
1.0,298.0,118.0,37.709848403930664,71.29730129241943,15.47892427444458,0.6941465139389038
1.0,302.0,118.0,40.78396558761597,66.2066445350647,14.674572229385376,0.9667650461196899
1.0,306.0,118.0,43.30787372589111,60.95737862586975,12.655719459056854,0.9538875222206116
1.0,310.0,118.0,45.44326448440552,57.320783615112305,6.753923416137695,0.7685151696205139
1.0,314.0,118.0,46.718092918395996,56.28834867477417,0.5725479125976562,0.20882761478424072
1.0,314.0,118.0,47.238749861717224,56.86204814910889,2.113417625427246,0.24971091747283936
1.0,318.0,118.0,47.659069538116455,55.45786714553833,-1.9692106246948242,0.08931690454483032
1.0,262.0,122.0,7.272624969482422,117.40220832824707,15.294331699609756,0.03702279180288315
1.0,262.0,122.0,2.810605049133301,121.23740243911743,12.33795702457428,0.03878701105713844
1.0,262.0,122.0,-9.53689956665039,121.09298038482666,12.51511549949646,0.025699511170387268
1.0,266.0,122.0,5.505422592163086,112.54724311828613,22.81182026863098,0.16770896315574646
1.0,266.0,122.0,6.498720169067383,116.75621008872986,16.6569504737854,0.08912904560565948
1.0,266.0,122.0,2.477715015411377,119.55555152893066,10.732923150062561,0.0948796272277832
1.0,270.0,122.0,9.406641960144043,106.37308883666992,24.343048095703125,0.4125278890132904
1.0,274.0,122.0,12.797004699707031,99.68445992469788,25.397191748023033,0.288469135761261
1.0,274.0,122.0,12.69716739654541,100.59188795089722,25.77006697654724,0.4027591943740845
1.0,278.0,122.0,16.34764575958252,93.37846970558167,25.508021116256714,0.7014409899711609
1.0,282.0,122.0,19.946310997009277,87.75774478912354,23.618706226348877,0.8135107159614563
1.0,286.0,122.0,23.085244178771973,84.93614292144775,20.828293800354004,0.6527853608131409
1.0,290.0,122.0,25.821829319000244,79.90286254882812,16.490076322108507,0.8061058521270752
1.0,294.0,122.0,28.90731954574585,74.4234390258789,14.99882459640503,0.9070593118667603
1.0,298.0,122.0,33.809099197387695,68.77470195293427,15.040503978729248,0.8606401681900024
1.0,302.0,122.0,36.10761833190918,63.25583401322365,13.927227973937988,0.7478834986686707
1.0,306.0,122.0,39.03120136260986,58.07146692276001,13.156137466430664,0.9307062029838562
1.0,310.0,122.0,41.64254808425903,53.04626750946045,10.15968143939972,0.8173344135284424
1.0,314.0,122.0,44.90776562690735,50.81515550613403,2.9189414978027344,0.2403305321931839
1.0,314.0,122.0,43.781861305236816,49.98979091644287,6.436699867248535,0.45327654480934143
1.0,318.0,122.0,44.76383590698242,49.377113342285156,0.3974599838256836,0.2892179787158966
1.0,262.0,126.0,-10.55232048034668,118.33852624893188,13.488629937171936,0.06093689799308777
1.0,266.0,126.0,1.115614891052246,109.87491035461426,23.844169855117798,0.29919466376304626
1.0,270.0,126.0,4.85476541519165,102.78574132919312,25.49058625102043,0.588336706161499
1.0,274.0,126.0,8.30373764038086,95.8243822157383,25.917171865701675,0.6588883996009827
1.0,278.0,126.0,10.875078201293945,91.62084007263184,25.28847825527191,0.5573780536651611
1.0,282.0,126.0,15.315742492675781,85.92122650146484,22.563499450683594,0.46423935890197754
1.0,286.0,126.0,18.093024253845215,82.10880851745605,17.43330603837967,0.7821187376976013
1.0,290.0,126.0,20.397197544574738,76.78334522247314,15.998407423496246,0.8293910026550293
1.0,294.0,126.0,22.95239496231079,71.24082493782043,15.005182266235352,0.7594415545463562
1.0,298.0,126.0,28.529160976409912,65.59606003761292,14.963046312332153,0.7753067016601562
1.0,302.0,126.0,31.85643196105957,59.7980318069458,15.22267735004425,0.7939165830612183
1.0,306.0,126.0,34.213056564331055,54.08858394622803,14.57602047920227,0.726371705532074
1.0,310.0,126.0,37.43237018585205,48.39718818664551,13.210046172142029,0.7922993302345276
1.0,314.0,126.0,40.40119171142578,44.47737503051758,11.314524173736572,0.5167065262794495
1.0,318.0,126.0,42.72617864608765,41.165273666381836,9.451228737831116,0.7408725619316101
1.0,322.0,126.0,45.64989793300629,36.69976329803467,6.4930336475372314,0.6652224659919739
1.0,326.0,126.0,47.47487974539399,31.911619663238525,3.804964542388916,0.2866610586643219
1.0,262.0,130.0,-13.292130947113037,115.0982735157013,14.778567135334015,0.10563718527555466
1.0,266.0,130.0,-5.329799175262451,105.14693832397461,24.745295464992523,0.3351021707057953
1.0,270.0,130.0,-1.8188471794128418,98.72805285453796,25.42713502049446,0.6588581800460815
1.0,274.0,130.0,2.240492105484009,92.55238175392151,25.79018424451351,0.7684710621833801
1.0,278.0,130.0,6.341926097869873,87.48987770080566,24.25235104560852,0.770889401435852
1.0,282.0,130.0,8.799367904663086,83.22898387908936,20.924291133880615,0.517975926399231
1.0,286.0,130.0,12.886262893676758,79.31071472167969,16.710359692573547,0.7924598455429077
1.0,290.0,130.0,15.512969017028809,74.79397439956665,15.836184322834015,0.8263488411903381
1.0,294.0,130.0,18.71293616294861,69.00411367416382,15.357650756835938,0.7640593647956848
1.0,298.0,130.0,22.383928775787354,62.88576126098633,14.860977172851562,0.7697334885597229
1.0,302.0,130.0,24.60332202911377,56.07357978820801,14.9570894241333,0.8380832076072693
1.0,306.0,130.0,28.275420665740967,51.347015380859375,14.812222242355347,0.35086336731910706
1.0,306.0,130.0,28.737953186035156,49.11488151550293,15.92387968301773,0.4636315107345581
1.0,310.0,130.0,32.72499465942383,46.03804874420166,14.914428949356079,0.7765514254570007
1.0,314.0,130.0,36.50811958312988,39.83648490905762,15.320879817008972,0.47616666555404663
1.0,314.0,130.0,36.72933292388916,39.664039611816406,14.532777309417725,0.32941606640815735
1.0,318.0,130.0,39.351287841796875,35.965627670288086,13.815356254577637,0.7618938684463501
1.0,322.0,130.0,42.89607763290405,31.33337926864624,12.47087574005127,0.8112142086029053
1.0,326.0,130.0,46.84988397359848,26.46750310063362,10.176597237586975,0.8096005916595459
1.0,330.0,130.0,49.91057538986206,21.013946533203125,6.920811414718628,0.7522761821746826
1.0,334.0,130.0,51.49019241333008,16.207839965820312,4.414135932922363,0.3731330931186676
1.0,262.0,134.0,-16.692721605300903,112.41067242622375,14.890523746609688,0.1610432118177414
1.0,266.0,134.0,-11.068486213684082,100.76069164276123,23.705933809280396,0.18999210000038147
1.0,266.0,134.0,-13.136680603027344,104.78872299194336,22.412307262420654,0.14999742805957794
1.0,270.0,134.0,-9.483394622802734,94.60922515392303,24.13675582408905,0.5437742471694946
1.0,274.0,134.0,-6.0439581871032715,89.78186321258545,23.897140502929688,0.7931215763092041
1.0,278.0,134.0,-0.6604998707771301,84.80971240997314,21.274477005004883,0.8242045640945435
1.0,282.0,134.0,3.3353357315063477,80.59807395935059,17.720106601715088,0.655472457408905
1.0,286.0,134.0,5.380497932434082,75.88226270675659,14.249981164932251,0.7198619246482849
1.0,290.0,134.0,9.732141494750977,70.47113198041916,13.763829946517944,0.8089506030082703
1.0,294.0,134.0,13.035767078399658,64.53041410446167,14.296685218811035,0.8217356204986572
1.0,298.0,134.0,16.671706199645996,58.774553298950195,13.937258958816528,0.8387094736099243
1.0,302.0,134.0,20.321686387062073,51.06892776489258,14.296396255493164,0.7278377413749695
1.0,306.0,134.0,23.773547410964966,46.92282772064209,14.868716835975647,0.802574872970581
1.0,310.0,134.0,27.12240171432495,40.79591464996338,15.609350681304932,0.7993276119232178
1.0,314.0,134.0,31.211942672729492,34.946192264556885,15.600973963737488,0.7165341973304749
1.0,318.0,134.0,35.170448303222656,30.33291256427765,15.631388187408447,0.46865248680114746
1.0,318.0,134.0,34.893147468566895,29.59534740447998,16.362542152404785,0.2684384882450104
1.0,322.0,134.0,38.19330406188965,25.528953075408936,15.193300724029541,0.6929196715354919
1.0,326.0,134.0,42.42778301239014,20.926326751708984,13.032154560089111,0.7615259885787964
1.0,330.0,134.0,46.28162860870361,15.325833320617676,11.274739503860474,0.7790533304214478
1.0,334.0,134.0,50.09731435775757,9.275514602661133,9.062796592712402,0.3542936146259308
1.0,334.0,134.0,49.19450855255127,10.108247756958008,9.696784019470215,0.4899804890155792
1.0,338.0,134.0,52.177815198898315,4.73407506942749,6.262640953063965,0.7841478586196899
1.0,342.0,134.0,52.47388678789139,0.05973827838897705,2.5229411125183105,0.5295740365982056
1.0,346.0,134.0,52.1812881231308,-4.21031379699707,-1.6929638385772705,0.11765237152576447
1.0,262.0,138.0,-22.454370737075806,110.05961835384369,14.1971954703331,0.20569919049739838
1.0,266.0,138.0,-18.587445497512817,102.50157833099365,20.077966690063477,0.34793350100517273
1.0,270.0,138.0,-14.32921314239502,91.62881565093994,22.766802072525024,0.4810953438282013
1.0,274.0,138.0,-11.031042098999023,86.54195594787598,21.402748584747314,0.5509557723999023
1.0,274.0,138.0,-11.045600891113281,87.99926042556763,20.95549774169922,0.29484573006629944
1.0,278.0,138.0,-6.574954509735107,82.32359981536865,18.28115749359131,0.47039493918418884
1.0,278.0,138.0,-7.702326774597168,82.69733634591103,18.253538131713867,0.3728305995464325
1.0,282.0,138.0,-3.0604820251464844,78.46328163146973,14.09388256072998,0.30078381299972534
1.0,282.0,138.0,-4.262155532836914,77.86066246032715,13.670079708099365,0.45744362473487854
1.0,286.0,138.0,-0.5514678955078125,74.01260471343994,11.94727897644043,0.43599972128868103
1.0,290.0,138.0,3.083658218383789,67.33329939842224,11.757153511047363,0.6884045600891113
1.0,294.0,138.0,7.538956642150879,60.450496673583984,12.418575286865234,0.7982075810432434
1.0,298.0,138.0,10.607288360595703,55.767699241638184,13.45481562614441,0.8488766551017761
1.0,302.0,138.0,15.959398746490479,47.91968536376953,14.680927515029907,0.6476147770881653
1.0,306.0,138.0,18.601677179336548,43.06660270690918,15.384682774543762,0.8277071714401245
1.0,310.0,138.0,22.63868546485901,37.279919147491455,16.342868506908417,0.7470653057098389
1.0,314.0,138.0,26.886276721954346,31.20011929422617,16.31613516807556,0.6128933429718018
1.0,318.0,138.0,30.400468826293945,25.91996479034424,16.087327897548676,0.4901835024356842
1.0,322.0,138.0,34.3022518157959,19.75397491455078,16.306367933750153,0.2534165680408478
1.0,322.0,138.0,33.50587749481201,19.96676731109619,17.620858192443848,0.18717315793037415
1.0,326.0,138.0,36.86898231506348,15.962902069091797,16.503381729125977,0.39866185188293457
1.0,330.0,138.0,41.0086555480957,11.390559196472168,14.632219791412354,0.3549700975418091
1.0,334.0,138.0,45.362215518951416,5.145497798919678,12.843243598937988,0.24262744188308716
1.0,334.0,138.0,44.88396072387695,5.385621070861816,13.46855914592743,0.25741344690322876
1.0,338.0,138.0,49.095595836639404,-0.6643381118774414,11.250473976135254,0.7745348811149597
1.0,342.0,138.0,50.988497495651245,-5.335958957672119,8.931585311889648,0.9066507816314697
1.0,346.0,138.0,52.215073466300964,-10.161328315734863,5.420209884643555,0.851955771446228
1.0,350.0,138.0,53.58293607831001,-14.304948806762695,1.653231143951416,0.5671969056129456
1.0,354.0,138.0,54.06326621770859,-16.895992279052734,-0.3399162292480469,0.09649346023797989
1.0,354.0,138.0,53.23175859451294,-25.329627990722656,-2.336999773979187,0.1346101462841034
1.0,254.0,142.0,-40.47776508331299,112.48359441757202,12.310719013214111,0.14378798007965088
1.0,258.0,142.0,-36.881442070007324,111.56652593612671,13.37559175491333,0.12414845824241638
1.0,258.0,142.0,-32.384403228759766,111.45126130059361,11.333984613418579,0.10091908276081085
1.0,262.0,142.0,-29.369787216186523,106.92366886138916,13.515013217926025,0.35262468457221985
1.0,266.0,142.0,-25.14033031463623,99.81188297271729,17.824633598327637,0.5872570872306824
1.0,270.0,142.0,-20.850873172283173,92.50126266479492,19.029232025146484,0.6642948985099792
1.0,274.0,142.0,-16.78058433532715,86.47163915634155,16.669896125793457,0.9121168851852417
1.0,278.0,142.0,-13.64260721206665,80.46323454380035,14.107732772827148,0.9131163358688354
1.0,282.0,142.0,-9.945849418640137,75.17925930023193,12.088382005691528,0.8913896679878235
1.0,286.0,142.0,-6.705750465393066,68.92675495147705,11.040418148040771,0.6020998358726501
1.0,290.0,142.0,-2.5418243408203125,64.31944370269775,7.772329092025757,0.6758855581283569
1.0,294.0,142.0,1.2387447357177734,58.283376693725586,8.63800597190857,0.6676436066627502
1.0,298.0,142.0,4.6208343505859375,52.5919383764267,10.911898374557495,0.5554190874099731
1.0,302.0,142.0,8.051210403442383,45.20524597167969,13.68378472328186,0.8597756624221802
1.0,306.0,142.0,11.941889762878418,40.11141109466553,14.671490669250488,0.847383975982666
1.0,310.0,142.0,15.913939476013184,33.84622621536255,15.95491075515747,0.7517575025558472
1.0,314.0,142.0,20.636622354388237,27.59805154800415,16.132226943969727,0.5888956189155579
1.0,318.0,142.0,24.729756832122803,21.653369903564453,16.401207000017166,0.3937375545501709
1.0,322.0,142.0,29.013612747192383,15.951508522033691,16.804045882076025,0.2300751656293869
1.0,326.0,142.0,33.194589138031006,11.097620010375977,15.64979112148285,0.1757230907678604
1.0,330.0,142.0,36.05609464645386,6.294337272644043,15.260255873203278,0.1832248717546463
1.0,334.0,142.0,39.69705677032471,0.6884584426879883,14.435137793421745,0.233995720744133
1.0,338.0,142.0,43.52715587615967,-4.725250959396362,13.221027135848999,0.48055317997932434
1.0,342.0,142.0,46.322431564331055,-8.929667711257935,11.596277475357056,0.5471989512443542
1.0,346.0,142.0,48.74110507965088,-13.92448902130127,9.689083099365234,0.575804591178894
1.0,350.0,142.0,49.886061668395996,-18.735126495361328,5.995550274848938,0.5342065095901489
1.0,354.0,142.0,51.00060844421387,-23.70071506500244,4.917193055152893,0.6813227534294128
1.0,358.0,142.0,53.75000762939453,-29.135037422180176,0.19933128356933594,0.140029177069664
0.0,246.0,146.0,-47.53610551357269,111.54232597351074,9.501399517059326,0.15475402772426605
0.0,250.0,146.0,-46.23572018742561,111.2966833114624,11.313074827194214,0.14276956021785736
1.0,254.0,146.0,-44.70449709892273,110.98851418495178,13.04086971282959,0.248256117105484
1.0,258.0,146.0,-41.19239807128906,108.98481321334839,15.014173030853271,0.3383592963218689
1.0,262.0,146.0,-36.96140480041504,105.35869407653809,16.40742826461792,0.3235180974006653
1.0,262.0,146.0,-34.978206634521484,103.52787446975708,14.400044798851013,0.33065930008888245
1.0,266.0,146.0,-31.44953441619873,96.64460754394531,18.764894485473633,0.3242439329624176
1.0,266.0,146.0,-32.17868995666504,97.11247253417969,16.31664526462555,0.5054458975791931
1.0,270.0,146.0,-28.576183319091797,91.13994789123535,15.902651309967041,0.9336082339286804
1.0,274.0,146.0,-24.710925817489624,84.89700484275818,13.76725721359253,0.9424076676368713
1.0,278.0,146.0,-21.40560558438301,78.9839084148407,11.407689094543457,0.9199257493019104
1.0,282.0,146.0,-18.118583917617798,72.48440551757812,9.654037594795227,0.8751643300056458
1.0,286.0,146.0,-14.835572719573975,66.74086093902588,8.815900847315788,0.6302470564842224
1.0,290.0,146.0,-10.825013816356659,63.13448715209961,5.378498315811157,0.7196452021598816
1.0,294.0,146.0,-6.577446937561035,55.724557638168335,6.022242307662964,0.7207106351852417
1.0,298.0,146.0,-1.7533063888549805,48.451037645339966,8.712120771408081,0.765740156173706
1.0,302.0,146.0,2.2964439392089844,43.000969886779785,11.401262998580933,0.41077670454978943
1.0,302.0,146.0,3.8124332427978516,43.180335998535156,11.043641567230225,0.29329240322113037
1.0,306.0,146.0,6.9780683517456055,38.446805477142334,12.26041030883789,0.7980386018753052
1.0,310.0,146.0,10.189461708068848,31.474289879202843,13.962119340896606,0.7055462002754211
1.0,314.0,146.0,14.194754600524902,24.715604782104492,14.879030108451843,0.601396918296814
1.0,318.0,146.0,18.109193325042725,18.636542320251465,15.786964297294617,0.4411616921424866
1.0,322.0,146.0,22.674806833267212,12.631610870361328,16.44886800646782,0.1938655525445938
1.0,326.0,146.0,26.355554223060608,7.14378547668457,15.343325853347778,0.13990432024002075
1.0,330.0,146.0,29.449671983718872,2.4332590103149414,15.349763035774231,0.13492897152900696
1.0,334.0,146.0,33.822150230407715,-3.042396068572998,15.078109204769135,0.2057909369468689
1.0,338.0,146.0,37.7523307800293,-7.698915481567383,14.4821462854743,0.38797643780708313
1.0,342.0,146.0,41.92856788635254,-12.862994194030762,12.95476520061493,0.6359562277793884
1.0,346.0,146.0,43.62120819091797,-17.29089641571045,12.041250228881836,0.6771260499954224
1.0,350.0,146.0,47.520113945007324,-24.435519218444824,10.470116257667542,0.5642405152320862
1.0,354.0,146.0,50.15842628479004,-27.076693534851074,10.365635514259338,0.5835109949111938
1.0,358.0,146.0,53.6292462348938,-30.70971393585205,10.42084276676178,0.46710044145584106
1.0,362.0,146.0,58.22205863893032,-37.21491152048111,10.639482140541077,0.2889477014541626
1.0,366.0,146.0,60.5134060382843,-42.45492362976074,9.411285996437073,0.2153569459915161
1.0,370.0,146.0,61.89172148704529,-46.4378023147583,6.370851635932922,0.24387693405151367
1.0,374.0,146.0,62.64377737045288,-51.17995071411133,1.950137197971344,0.19326794147491455
1.0,378.0,146.0,62.14736795425415,-57.16038227081299,-10.291764259338379,0.34694284200668335
1.0,382.0,146.0,63.83988857269287,-62.106464862823486,-11.269104957580566,0.44117841124534607
1.0,386.0,146.0,65.08405447006226,-68.94763278961182,-12.568334579467773,0.139642134308815
0.0,246.0,150.0,-52.25777530670166,110.72473335266113,9.468729853630066,0.17989949882030487
0.0,250.0,150.0,-51.73915958404541,110.73641633987427,11.09518051147461,0.1806107461452484
1.0,254.0,150.0,-50.00420928001404,110.52553606033325,12.661092758178711,0.22129972279071808
1.0,258.0,150.0,-46.885978519916534,107.3068437576294,14.972285270690918,0.49708446860313416
1.0,262.0,150.0,-42.24177408218384,101.56381607055664,17.175100326538086,0.8131565451622009
1.0,266.0,150.0,-37.08939743041992,93.20937824249268,15.930439472198486,0.6291470527648926
1.0,270.0,150.0,-35.419878005981445,87.91900157928467,13.064488410949707,0.928667426109314
1.0,274.0,150.0,-33.00498962402344,82.46557968109846,10.867313385009766,0.9347098469734192
1.0,278.0,150.0,-28.22801923751831,76.13442850112915,8.690302424132824,0.8509076237678528
1.0,282.0,150.0,-24.39698576927185,70.51546955108643,6.783121466636658,0.7891256213188171
1.0,286.0,150.0,-21.326176896691322,68.13556289672852,5.773268699645996,0.4733057916164398
1.0,290.0,150.0,-16.98782253265381,63.572360038757324,0.9205644130706787,0.2716841399669647
1.0,294.0,150.0,-13.609925031661987,56.50974130630493,2.833523988723755,0.3703327775001526
1.0,298.0,150.0,-8.619112491607666,47.49232578277588,6.1966636180877686,0.650301992893219
1.0,302.0,150.0,-4.079920291900635,40.62852478027344,9.009807348251343,0.5149587988853455
1.0,306.0,150.0,1.3150739669799805,34.85373878479004,7.667670726776123,0.4727742075920105
1.0,310.0,150.0,6.71550178527832,28.882591009140015,10.523710250854492,0.22237728536128998
1.0,310.0,150.0,3.938661813735962,30.444542407989502,7.858166217803955,0.24935230612754822
1.0,314.0,150.0,10.132283210754395,22.139083862304688,11.58800458908081,0.2670260965824127
1.0,318.0,150.0,13.163630962371826,15.917407035827637,13.027000188827515,0.24035416543483734
1.0,322.0,150.0,17.19528341293335,10.023794174194336,14.746610641479492,0.1292225420475006
1.0,322.0,150.0,16.80428695678711,11.042427062988281,14.372435986995697,0.15644055604934692
1.0,326.0,150.0,20.300777435302734,5.068799018859863,14.038597583770752,0.21693024039268494
1.0,330.0,150.0,24.92419672012329,0.4543323516845703,14.706104680895805,0.18758508563041687
1.0,334.0,150.0,29.328397631645203,-5.644491016864777,15.29385781288147,0.2527349591255188
1.0,338.0,150.0,32.23145341873169,-11.67253589630127,14.826862126588821,0.43223220109939575
1.0,342.0,150.0,35.24658203125,-16.455354690551758,14.148618698120117,0.6360300183296204
1.0,346.0,150.0,39.16957759857178,-21.977296829223633,13.92394471168518,0.7125705480575562
1.0,350.0,150.0,41.03235673904419,-28.080178260803223,11.67633056640625,0.23696276545524597
1.0,350.0,150.0,42.224040031433105,-26.819536209106445,13.533835053443909,0.21779167652130127
1.0,350.0,150.0,42.6502799987793,-28.462787628173828,12.88966429233551,0.1846202164888382
1.0,354.0,150.0,47.286211371421814,-35.185725688934326,19.3312406539917,0.4046408534049988
1.0,358.0,150.0,53.6035418510437,-41.80788028240204,24.82335901260376,0.3664780557155609
1.0,362.0,150.0,57.699156761169434,-46.639404296875,24.932035446166992,0.2937754988670349
1.0,366.0,150.0,58.05648422241211,-49.14048767089844,22.400894165039062,0.265516072511673
1.0,370.0,150.0,63.24673938751221,-53.812071800231934,17.52925682067871,0.2043774574995041
1.0,374.0,150.0,62.86039447784424,-58.51689910888672,12.159650802612305,0.16594131290912628
1.0,374.0,150.0,62.82796382904053,-57.10845947265625,15.092663764953613,0.1656367927789688
1.0,378.0,150.0,63.941579818725586,-62.455352783203125,8.99344253540039,0.31515806913375854
1.0,382.0,150.0,66.06043434143066,-67.28828430175781,5.703704833984375,0.40066400170326233
1.0,386.0,150.0,68.7545576095581,-73.43181419372559,2.1760072708129883,0.37211844325065613
1.0,390.0,150.0,70.37249827384949,-74.60600090026855,-10.910221576690674,0.18011309206485748
0.0,246.0,154.0,-57.50358295440674,110.12792730331421,9.241111099720001,0.13459649682044983
1.0,250.0,154.0,-57.977253913879395,110.38292741775513,10.664527893066406,0.20975062251091003
1.0,254.0,154.0,-55.99200630187988,109.68618249893188,12.650022029876709,0.247859925031662
1.0,258.0,154.0,-52.57933473587036,104.79112339019775,15.798779010772705,0.4541064202785492
1.0,262.0,154.0,-48.55223751068115,97.3728141784668,16.980854988098145,0.7993288636207581
1.0,266.0,154.0,-43.84078598022461,90.0979118347168,14.65581226348877,0.767465353012085
1.0,270.0,154.0,-40.28755855560303,84.29794979095459,12.614731311798096,0.7258251905441284
1.0,274.0,154.0,-38.24580478668213,78.30620670318604,10.135807514190674,0.5453018546104431
1.0,274.0,154.0,-36.87615966796875,79.47443175315857,9.35417252779007,0.39918196201324463
1.0,278.0,154.0,-36.3328275680542,73.62192475795746,6.716570138931274,0.3379678428173065
1.0,278.0,154.0,-33.47323036193848,74.7168083190918,7.687590718269348,0.5290476679801941
1.0,282.0,154.0,-28.551507472991943,72.0907793045044,3.8923258781433105,0.470660001039505
1.0,286.0,154.0,-25.148754358291626,71.22572326660156,0.8092494010925293,0.12696287035942078
1.0,298.0,154.0,-12.693119645118713,47.020952224731445,2.2043707370758057,0.24242565035820007
1.0,302.0,154.0,-9.149075031280518,39.34034442901611,4.8755576610565186,0.2175372987985611
1.0,306.0,154.0,-2.1757354736328125,36.267531394958496,1.0954704284667969,0.18997029960155487
1.0,310.0,154.0,0.8370261192321777,30.813647031784058,2.461904525756836,0.1643717736005783
1.0,314.0,154.0,2.762778878211975,25.398944854736328,4.916928768157959,0.12222675234079361
1.0,318.0,154.0,5.423750877380371,17.585664749145508,6.168403148651123,0.07668677717447281
1.0,322.0,154.0,11.728416442871094,11.035228729248047,10.981219053268433,0.07137291878461838
1.0,326.0,154.0,13.874126434326172,4.26570987701416,10.467467784881592,0.190077543258667
1.0,330.0,154.0,17.581965446472168,-2.732185125350952,11.215362310409546,0.23005890846252441
1.0,334.0,154.0,23.12332773208618,-8.430934190750122,12.553476810455322,0.2606854736804962
1.0,338.0,154.0,26.45026135444641,-14.023810863494873,13.915042996406555,0.42265596985816956
1.0,342.0,154.0,30.13596248626709,-20.79944896697998,14.731792613863945,0.611430287361145
1.0,346.0,154.0,33.572351932525635,-25.712865829467773,14.900516420602798,0.5459105968475342
1.0,350.0,154.0,37.67344856262207,-29.964855194091797,16.679826736450195,0.47715672850608826
1.0,354.0,154.0,43.17926549911499,-36.84156346321106,25.02881145477295,0.4855261743068695
1.0,358.0,154.0,50.28456485271454,-43.717390060424805,29.986340641975403,0.3726624548435211
1.0,362.0,154.0,53.16294813156128,-48.67594623565674,29.764678597450256,0.2948022484779358
1.0,366.0,154.0,55.05806636810303,-52.016780853271484,26.66807222366333,0.10938850790262222
1.0,366.0,154.0,54.69772291183472,-54.26413154602051,28.429693281650543,0.13480228185653687
1.0,370.0,154.0,56.59754657745361,-58.75672245025635,24.140639781951904,0.20156343281269073
1.0,374.0,154.0,58.890597343444824,-63.54616045951843,22.041879653930664,0.2078389823436737
1.0,378.0,154.0,62.84652328491211,-67.60046577453613,18.694748878479004,0.15005572140216827
1.0,378.0,154.0,61.01893615722656,-67.33892267942429,22.151506423950195,0.1362752914428711
1.0,382.0,154.0,66.00243616104126,-73.3191921710968,18.13108539581299,0.34499138593673706
1.0,386.0,154.0,68.87632036209106,-78.13240849971771,17.039923906326294,0.5286192297935486
1.0,390.0,154.0,70.77711343765259,-82.52211570739746,11.937379360198975,0.5229157209396362
1.0,394.0,154.0,70.36996793746948,-81.36379051208496,-9.790559768676758,0.23905019462108612
1.0,398.0,154.0,71.90448623895645,-87.0642147064209,-13.485463619232178,0.10680422186851501
1.0,250.0,158.0,-63.400529861450195,108.59646844863892,10.071588158607483,0.10042326897382736
1.0,254.0,158.0,-61.98077964782715,106.91017150878906,12.327212572097778,0.1966913789510727
1.0,258.0,158.0,-58.38766956329346,101.82540893554688,15.140973091125488,0.4016709625720978
1.0,262.0,158.0,-53.4703848361969,92.82808876037598,16.23838996887207,0.426431804895401
1.0,262.0,158.0,-54.80542182922363,94.0506706237793,16.00035047531128,0.31961727142333984
1.0,266.0,158.0,-50.52731513977051,87.81563091278076,13.793645858764648,0.9106553792953491
1.0,270.0,158.0,-46.95190668106079,82.29252243041992,11.123193264007568,0.9568237662315369
1.0,274.0,158.0,-44.2659912109375,76.16310906410217,7.205841541290283,0.864531934261322
1.0,278.0,158.0,-41.70099449157715,71.61922216415405,3.5816937685012817,0.7080171704292297
1.0,282.0,158.0,-39.483519554138184,70.98172330856323,-1.2647795677185059,0.3443567752838135
1.0,330.0,158.0,13.602663040161133,-4.660688638687134,7.573061466217041,0.1184377446770668
1.0,334.0,158.0,16.688865661621094,-12.017513275146484,8.807528018951416,0.16971001029014587
1.0,338.0,158.0,20.532044410705566,-18.12955951690674,10.674096584320068,0.26483261585235596
1.0,342.0,158.0,25.16271209716797,-22.889588356018066,14.000006675720215,0.3651033043861389
1.0,342.0,158.0,23.908254623413086,-25.042512893676758,12.480862855911255,0.2474326491355896
1.0,346.0,158.0,28.78335189819336,-27.986949920654297,16.053190231323242,0.5807357430458069
1.0,350.0,158.0,35.97478103637695,-34.69900369644165,24.129504680633545,0.37712541222572327
1.0,350.0,158.0,31.9951753616333,-32.10740518569946,15.908595561981201,0.19636733829975128
1.0,354.0,158.0,41.23810625076294,-41.21095532178879,32.525376319885254,0.49198058247566223
1.0,358.0,158.0,44.74961566925049,-46.83566856384277,34.353113889694214,0.4123067557811737
1.0,362.0,158.0,47.25419867038727,-51.90808391571045,32.369842410087585,0.2510782778263092
1.0,366.0,158.0,50.92154496908188,-56.80091571807861,31.463513612747192,0.20137980580329895
1.0,370.0,158.0,53.38125157356262,-61.77065372467041,28.94362297281623,0.16330388188362122
1.0,374.0,158.0,56.35450077056885,-66.72669030725956,26.937455892562866,0.1564389318227768
1.0,378.0,158.0,59.880794525146484,-72.3326735496521,28.290290772914886,0.18459302186965942
1.0,382.0,158.0,64.77244901657104,-77.47261470556259,28.86288547515869,0.18931551277637482
1.0,382.0,158.0,63.82894802093506,-77.2655839920044,31.722661018371582,0.14390818774700165
1.0,386.0,158.0,67.13330173492432,-82.97637367248535,28.892061233520508,0.5048615336418152
1.0,390.0,158.0,69.06772303581238,-86.84689998626709,25.58052921295166,0.5528775453567505
1.0,394.0,158.0,71.27780967950821,-90.6404333114624,18.475268840789795,0.5439944267272949
1.0,398.0,158.0,70.53743410110474,-91.16856527328491,-9.176017761230469,0.5122684240341187
1.0,402.0,158.0,70.39354419708252,-98.67429208755493,-13.644053936004639,0.5011653900146484
1.0,406.0,158.0,68.69214487075806,-103.11316251754761,-20.065205335617065,0.12853583693504333
1.0,250.0,162.0,-68.61282157897949,104.411386013031,7.933358669281006,0.09353428333997726
1.0,254.0,162.0,-67.4272689819336,102.99839973449707,10.886473655700684,0.1131177619099617
1.0,258.0,162.0,-67.3855504989624,99.88820886611938,13.022013664245605,0.22431106865406036
1.0,262.0,162.0,-59.96192932128906,90.71341133117676,13.973885536193848,0.36243322491645813
1.0,266.0,162.0,-57.29827833175659,84.91493701934814,8.46836543083191,0.8063403964042664
1.0,270.0,162.0,-55.16001272201538,81.45484352111816,7.0134053230285645,0.834876537322998
1.0,274.0,162.0,-51.90748909115791,75.84301674365997,4.747705519199371,0.7139374613761902
1.0,278.0,162.0,-47.41519212722778,71.9569251537323,1.2668752670288086,0.6630985140800476
1.0,282.0,162.0,-44.100605964660645,70.82630944252014,-4.833091735839844,0.19870170950889587
1.0,342.0,162.0,17.788018941879272,-26.927990913391113,6.76884126663208,0.24233458936214447
1.0,346.0,162.0,22.225182056427002,-30.86902093887329,11.081465601921082,0.5088504552841187
1.0,350.0,162.0,35.58982563018799,-40.077702820301056,31.57394766807556,0.1768847405910492
1.0,350.0,162.0,28.240208625793457,-34.461907148361206,14.987695693969727,0.153112530708313
1.0,350.0,162.0,30.167052268981934,-42.42014694213867,32.870078325271606,0.19713470339775085
1.0,354.0,162.0,38.24182319641113,-45.21912097930908,36.071234703063965,0.42687711119651794
1.0,358.0,162.0,39.17845058441162,-50.375972747802734,34.475767374038696,0.49702951312065125
1.0,362.0,162.0,43.76910161972046,-55.70744609832764,34.78339862823486,0.34606286883354187
1.0,366.0,162.0,46.74179458618164,-59.795897483825684,32.718689918518066,0.309457004070282
1.0,370.0,162.0,49.99665433168411,-64.5783543586731,31.304461002349854,0.15761898458003998
1.0,374.0,162.0,53.412150859832764,-69.77299571037292,31.469014406204224,0.13041765987873077
1.0,378.0,162.0,57.73336458206177,-75.97101402282715,33.83497953414917,0.1994718462228775
1.0,382.0,162.0,61.47575855255127,-81.76079750061035,36.43291139602661,0.26721474528312683
1.0,386.0,162.0,65.23431587219238,-86.73678684234619,35.32089614868164,0.27543872594833374
1.0,390.0,162.0,66.77537298202515,-90.99273014068604,33.92784309387207,0.38311704993247986
1.0,394.0,162.0,67.99846076965332,-96.06699180603027,32.03991162776947,0.37717771530151367
1.0,394.0,162.0,68.61534118652344,-94.99495124816895,29.347789764404297,0.24471412599086761
1.0,398.0,162.0,69.1884069442749,-100.90040111541748,26.772305965423584,0.5399650931358337
1.0,402.0,162.0,69.79480600357056,-101.87512350082397,-8.475936889648438,0.3106233477592468
1.0,402.0,162.0,69.25629568099976,-106.62265300750732,7.380641460418701,0.39436811208724976
1.0,406.0,162.0,67.92053699493408,-106.56908798217773,-14.834113597869873,0.34064722061157227
1.0,258.0,166.0,-72.03001546859741,97.48069667816162,7.684261798858643,0.1087389662861824
1.0,262.0,166.0,-72.1675820350647,93.72847747802734,5.354772567749023,0.15229418873786926
1.0,266.0,166.0,-62.86647891998291,85.27439880371094,4.996911853551865,0.4469187259674072
1.0,270.0,166.0,-61.405938148498535,82.61861991882324,4.14171826839447,0.5299162864685059
1.0,274.0,166.0,-58.6670036315918,77.74992561340332,2.7110326290130615,0.5118311643600464
1.0,278.0,166.0,-53.46374690532684,73.47137755155563,-0.21269512176513672,0.41994020342826843
1.0,346.0,166.0,17.809966325759888,-32.689313888549805,10.336297392845154,0.22624631226062775
1.0,346.0,166.0,23.104140043258667,-43.294426918029785,33.257365703582764,0.24719412624835968
1.0,350.0,166.0,28.068583488464355,-43.24245357513428,34.11273396015167,0.41937533020973206
1.0,354.0,166.0,31.25951862335205,-47.68187737464905,35.256322145462036,0.5360132455825806
1.0,358.0,166.0,34.48131084442139,-52.68367290496826,34.756338238716125,0.5622116923332214
1.0,362.0,166.0,38.44162940979004,-59.017425537109375,35.910879611968994,0.5505865812301636
1.0,366.0,166.0,42.06198310852051,-63.411076068878174,34.687971115112305,0.5073046088218689
1.0,370.0,166.0,44.874043464660645,-68.51341450214386,34.28459453582764,0.2473127245903015
1.0,374.0,166.0,49.77400767803192,-73.67882871627808,34.90027666091919,0.19100795686244965
1.0,378.0,166.0,53.41016244888306,-79.23929977416992,36.530590534210205,0.16861838102340698
1.0,382.0,166.0,56.81918382644653,-84.8085994720459,37.61014938354492,0.18123550713062286
1.0,386.0,166.0,60.215728759765625,-89.5868968963623,37.61149501800537,0.16070128977298737
1.0,390.0,166.0,61.59334695339203,-93.92648887634277,36.27336812019348,0.43652814626693726
1.0,394.0,166.0,64.73194408416748,-100.19729614257812,36.261974811553955,0.5644009709358215
1.0,398.0,166.0,67.18304252624512,-105.70699787139893,32.683961153030396,0.6415810585021973
1.0,402.0,166.0,68.06771230697632,-108.88950490951538,23.791128158569336,0.5226700305938721
1.0,406.0,166.0,66.51354694366455,-112.39258909225464,1.3113346695899963,0.6390679478645325
1.0,410.0,166.0,66.53176975250244,-110.40463542938232,-19.000998198986053,0.09467118978500366
1.0,410.0,166.0,64.39462494850159,-114.18487334251404,-11.647089958190918,0.08388898521661758
1.0,262.0,170.0,-74.86810898780823,92.35204315185547,3.9374313354492188,0.10707239806652069
1.0,266.0,170.0,-75.03666949272156,90.28123092651367,0.7056307792663574,0.10741537809371948
1.0,266.0,170.0,-68.4921875,85.97797679901123,3.162848472595215,0.12865209579467773
1.0,270.0,170.0,-66.66768836975098,83.21461391448975,1.5574660301208496,0.22912563383579254
1.0,274.0,170.0,-63.87194061279297,79.05078744888306,-0.45245885848999023,0.29835715889930725
1.0,278.0,170.0,-58.63137245178223,74.82013255357742,-2.0258827209472656,0.26323840022087097
1.0,346.0,170.0,18.887606382369995,-43.422178745269775,33.397642850875854,0.37628373503685
1.0,350.0,170.0,22.176963567733765,-45.60597372055054,35.27250948548317,0.4857492446899414
1.0,354.0,170.0,24.799060344696045,-51.552027225494385,35.26733925938606,0.5781244039535522
1.0,358.0,170.0,28.24338150024414,-57.08988666534424,35.00065529346466,0.7214275002479553
1.0,362.0,170.0,32.078195571899414,-61.727768898010254,35.14575403928757,0.401211142539978
1.0,362.0,170.0,33.19363212585449,-61.66888666152954,35.69796180725098,0.25045737624168396
1.0,366.0,170.0,37.1476993560791,-66.87236495269462,34.398212909698486,0.46581119298934937
1.0,370.0,170.0,39.605358600616455,-72.57865810394287,35.857155084609985,0.15939776599407196
1.0,370.0,170.0,41.14689254760742,-72.01125574111938,35.09015369415283,0.23440836369991302
1.0,374.0,170.0,43.155558586120605,-77.29772186279297,36.447542399168015,0.2184513509273529
1.0,374.0,170.0,44.82485771179199,-76.5850601196289,35.30731916427612,0.12636087834835052
1.0,378.0,170.0,46.36551761627197,-82.98713326454163,36.75957927107811,0.23806114494800568
1.0,382.0,170.0,49.92936325073242,-87.97990918159485,36.554110050201416,0.2218887358903885
1.0,386.0,170.0,52.6356315612793,-93.27618074417114,36.44507551193237,0.2951620817184448
1.0,390.0,170.0,55.288015365600586,-96.94180679321289,35.972161293029785,0.4146628677845001
1.0,394.0,170.0,59.89419963955879,-102.46393013000488,36.868157625198364,0.5318272709846497
1.0,398.0,170.0,63.06308031082153,-108.61855030059814,35.96232771873474,0.6231546998023987
1.0,402.0,170.0,65.16913938522339,-112.16522073745728,28.75727653503418,0.650948166847229
1.0,406.0,170.0,63.05857956409454,-115.17380928993225,5.026437759399414,0.5887203216552734
1.0,410.0,170.0,60.94751453399658,-117.65617156028748,-27.48763942718506,0.08498039096593857
1.0,410.0,170.0,62.315542459487915,-116.57429373264313,-9.398881912231445,0.15550264716148376
0.0,270.0,174.0,-76.23258924484253,88.15649795532227,-0.6967763304710388,0.05906056985259056
1.0,270.0,174.0,-71.24335479736328,84.73361396789551,-0.2760772705078125,0.06931059062480927
1.0,274.0,174.0,-67.73337936401367,79.76739263534546,-2.5666141510009766,0.1164262518286705
0.0,278.0,174.0,-62.52107620239258,75.47255969047546,-4.185977935791016,0.09850512444972992
1.0,346.0,174.0,13.164350032806396,-45.263995885849,34.95360279083252,0.46302059292793274
1.0,350.0,174.0,16.528194904327393,-48.94598340988159,35.82979600131512,0.5334958434104919
1.0,354.0,174.0,19.597852885723114,-54.56915807723999,35.34687530994415,0.6306530833244324
1.0,358.0,174.0,22.654515743255615,-60.28382110595703,35.17585840821266,0.7499426603317261
1.0,362.0,174.0,27.165311336517334,-65.07085227966309,35.829362601041794,0.4938315451145172
1.0,366.0,174.0,31.237975001335144,-70.77396488189697,35.550636887550354,0.5196816325187683
1.0,370.0,174.0,35.12111687660217,-76.03829860687256,36.392355382442474,0.41785159707069397
1.0,374.0,174.0,38.86232376098633,-81.16332960128784,36.78678245842457,0.39693331718444824
1.0,378.0,174.0,40.71211242675781,-86.40446098148823,36.97905062511563,0.3556475043296814
1.0,382.0,174.0,44.261290550231934,-91.89541149139404,36.62171405553818,0.24084337055683136
1.0,386.0,174.0,46.77454853057861,-97.14827060699463,36.31384325027466,0.22984957695007324
1.0,390.0,174.0,48.990782737731934,-100.39087295532227,35.44065773487091,0.28118696808815
1.0,394.0,174.0,53.612112522125244,-105.87305164337158,36.64238500595093,0.44874927401542664
1.0,398.0,174.0,58.016961097717285,-112.27496194839478,36.75043821334839,0.5623672604560852
1.0,402.0,174.0,59.957163631916046,-115.57206118106842,29.88447117805481,0.5527973771095276
1.0,406.0,174.0,57.715946197509766,-117.16428983211517,4.852044105529785,0.2635940611362457
1.0,410.0,174.0,55.766716957092285,-117.86786592006683,-28.824369430541992,0.08652608841657639
1.0,346.0,178.0,7.951659202575684,-49.240992307662964,35.944304406642914,0.4703081250190735
1.0,350.0,178.0,10.857723236083984,-53.47826433181763,35.78495338559151,0.5788730978965759
1.0,354.0,178.0,14.442380905151367,-58.903133392333984,35.17747342586517,0.6659851670265198
1.0,358.0,178.0,17.869452238082886,-63.73514175415039,35.1633223593235,0.685157060623169
1.0,362.0,178.0,21.560134887695312,-69.60357856750488,35.29745936393738,0.4210106134414673
1.0,366.0,178.0,26.706939697265625,-74.74892711639404,36.223285496234894,0.572166919708252
1.0,370.0,178.0,29.709562301635742,-79.85921859741211,36.62677267193794,0.4887292981147766
1.0,374.0,178.0,32.60036224871874,-84.71559774875641,36.88602255284786,0.4429788291454315
1.0,378.0,178.0,36.12987446784973,-90.27629041671753,36.80785782635212,0.3859315812587738
1.0,382.0,178.0,38.45736074447632,-95.7453441619873,36.49969258904457,0.20398984849452972
1.0,386.0,178.0,41.03266525268555,-101.23944568634033,36.271959602832794,0.15406018495559692
1.0,390.0,178.0,43.983110427856445,-104.00695991516113,35.501508593559265,0.14279356598854065
1.0,394.0,178.0,47.2860746383667,-110.09298324584961,36.763691663742065,0.4505849778652191
1.0,398.0,178.0,52.06722068786621,-115.58562922477722,36.14827513694763,0.4864608943462372
1.0,402.0,178.0,54.97988700866699,-117.36115354299545,29.88080644607544,0.24574537575244904
1.0,342.0,182.0,-2.062225341796875,-46.0386803150177,34.0356011390686,0.20745496451854706
1.0,346.0,182.0,1.912552833557129,-50.80491828918457,34.10428023338318,0.1948266476392746
1.0,346.0,182.0,2.799551010131836,-52.03971338272095,35.393148213624954,0.25699561834335327
1.0,350.0,182.0,5.806597709655762,-55.53886318206787,34.74908411502838,0.3370419144630432
1.0,350.0,182.0,6.600370407104492,-56.43110275268555,35.180386424064636,0.30329564213752747
1.0,354.0,182.0,11.062579154968262,-61.690741539001465,34.72251284122467,0.42801621556282043
1.0,354.0,182.0,11.240677833557129,-60.96230888366699,35.20097953081131,0.299934059381485
1.0,358.0,182.0,13.753694534301758,-67.98604846000671,35.269435822963715,0.5496993660926819
1.0,362.0,182.0,17.895018577575684,-73.38624286651611,35.89327526092529,0.43848299980163574
1.0,366.0,182.0,21.267465591430664,-78.68504047393799,36.53981986641884,0.588056206703186
1.0,370.0,182.0,24.641003608703613,-83.46636962890625,36.81876355409622,0.5324306488037109
1.0,374.0,182.0,27.244521617889404,-87.92807984352112,36.88493408635259,0.44163790345191956
1.0,378.0,182.0,31.034544706344604,-93.41052293777466,36.595195055007935,0.3540249764919281
1.0,382.0,182.0,33.71745491027832,-99.04010486602783,36.418227791786194,0.21089257299900055
1.0,386.0,182.0,36.47460150718689,-103.81171989440918,36.27340853214264,0.11545825749635696
1.0,390.0,182.0,39.82106876373291,-108.32491683959961,36.80815029144287,0.23616693913936615
1.0,394.0,182.0,44.19265556335449,-113.65083694458008,36.639946937561035,0.19943688809871674
1.0,394.0,182.0,43.34268760681152,-114.28679084777832,36.488401889801025,0.271511048078537
1.0,398.0,182.0,47.86625671386719,-118.16502642631531,33.835151106119156,0.22175580263137817
1.0,398.0,182.0,44.41315174102783,-117.8625876903534,32.78895115852356,0.18790273368358612
1.0,342.0,186.0,-5.847248077392578,-49.47303533554077,34.192527294158936,0.30529019236564636
1.0,346.0,186.0,-1.6310398578643799,-55.07284736633301,35.17227277159691,0.5402631759643555
1.0,350.0,186.0,1.50101900100708,-59.9210205078125,34.853528797626495,0.6154346466064453
1.0,354.0,186.0,4.158190727233887,-65.57837665081024,34.82966011762619,0.6998024582862854
1.0,358.0,186.0,8.020999908447266,-71.32848787307739,35.43553328514099,0.6681302785873413
1.0,362.0,186.0,11.601387977600098,-76.26816940307617,36.251664102077484,0.4327765107154846
1.0,366.0,186.0,16.68325710296631,-81.94365406036377,36.83638148754835,0.5915846824645996
1.0,370.0,186.0,20.140442848205566,-86.75497296452522,36.96108051016927,0.5527647137641907
1.0,374.0,186.0,23.16752815246582,-91.45662498474121,36.844651855528355,0.4210197925567627
1.0,378.0,186.0,25.997631072998047,-97.0933141708374,36.52298346161842,0.294003963470459
1.0,382.0,186.0,28.707133531570435,-101.88212013244629,36.31184786558151,0.1910352259874344
1.0,386.0,186.0,32.72094565629959,-106.64881992340088,36.42631006240845,0.19544057548046112
1.0,390.0,186.0,35.02193212509155,-112.5201358795166,36.959129333496094,0.34461817145347595
1.0,394.0,186.0,39.0670747756958,-117.3691201210022,35.51528835296631,0.3484581410884857
1.0,398.0,186.0,39.71031999588013,-117.87801575660706,30.226472437381744,0.1050548255443573
1.0,342.0,190.0,-10.868755340576172,-52.044450759887695,32.739712715148926,0.2717931866645813
1.0,346.0,190.0,-6.984917879104614,-58.72089672088623,35.3887692540884,0.573314905166626
1.0,350.0,190.0,-4.660418450832367,-64.80241370201111,35.00615447759628,0.6372687220573425
1.0,354.0,190.0,-1.6036829948425293,-69.57429623603821,35.134588330984116,0.702700674533844
1.0,358.0,190.0,1.955453872680664,-75.1523323059082,35.28982171416283,0.7011333107948303
1.0,362.0,190.0,6.074085235595703,-80.2414083480835,36.42229437828064,0.642167329788208
1.0,366.0,190.0,12.640689849853516,-85.09408438205719,36.92492109932937,0.4267115592956543
1.0,370.0,190.0,14.803970336914062,-90.33190155029297,36.999988459050655,0.5465589761734009
1.0,374.0,190.0,18.029500007629395,-96.03345489501953,36.62648785114288,0.42997121810913086
1.0,378.0,190.0,21.210500717163086,-101.1755485534668,36.360867500305176,0.25248071551322937
1.0,382.0,190.0,25.082431316375732,-104.2214469909668,35.7846565246582,0.15892057120800018
1.0,386.0,190.0,28.695063829421997,-110.4752779006958,36.52436351776123,0.29723402857780457
1.0,390.0,190.0,31.206531584262848,-116.57404851913452,35.663681507110596,0.32556799054145813
1.0,394.0,190.0,32.376084089279175,-119.09903383255005,34.25804424285889,0.16736741364002228
1.0,342.0,194.0,-16.4835684299469,-54.75278854370117,31.920676231384277,0.12624748051166534
1.0,346.0,194.0,-12.750811576843262,-62.42823314666748,34.833598017692566,0.5016291737556458
1.0,350.0,194.0,-9.603944301605225,-68.40989255905151,35.221631199121475,0.6203417778015137
1.0,354.0,194.0,-6.2170610427856445,-73.975266456604,35.50665272027254,0.6304458379745483
1.0,358.0,194.0,-2.788317561149597,-79.20003986358643,36.122013330459595,0.6409934759140015
1.0,362.0,194.0,0.8662919998168945,-83.86354637145996,36.76139986515045,0.4849965274333954
1.0,366.0,194.0,3.460866928100586,-89.17437362670898,36.645670652389526,0.36852654814720154
1.0,370.0,194.0,10.426305770874023,-94.4575891494751,36.42245876789093,0.22551211714744568
1.0,370.0,194.0,8.459522247314453,-94.1760892868042,36.18126726150513,0.30650171637535095
1.0,374.0,194.0,13.279878616333008,-100.02099323272705,36.276994824409485,0.37242764234542847
1.0,378.0,194.0,16.502403259277344,-103.08448791503906,36.14113998413086,0.227738618850708
1.0,382.0,194.0,20.999577522277832,-108.73714256286621,35.825666427612305,0.2962154150009155
1.0,386.0,194.0,24.565818786621094,-114.84535360336304,36.15629291534424,0.40486371517181396
1.0,390.0,194.0,25.21683645248413,-119.56787729263306,34.40185785293579,0.25032833218574524
1.0,346.0,198.0,-19.393609046936035,-67.0158556997776,31.841033220291138,0.13308922946453094
1.0,350.0,198.0,-14.493964195251465,-71.8597297668457,33.76425290107727,0.5288532376289368
1.0,354.0,198.0,-11.082114219665527,-77.18934440612793,35.599342406727374,0.5687370300292969
1.0,358.0,198.0,-6.802698135375977,-82.57079219818115,35.910670697689056,0.39390742778778076
1.0,362.0,198.0,-4.525239944458008,-88.00587558746338,36.56244492530823,0.47459372878074646
1.0,366.0,198.0,-0.5713996887207031,-92.99825048446655,36.241677045822144,0.4941467344760895
1.0,370.0,198.0,3.283060073852539,-98.34851169586182,36.1232168674469,0.5275520086288452
1.0,374.0,198.0,7.959774017333984,-103.93813371658325,36.40941524505615,0.46420636773109436
1.0,378.0,198.0,10.018682479858398,-107.01661777496338,35.91680908203125,0.3976305425167084
1.0,382.0,198.0,16.434955596923828,-113.30602598190308,35.35653781890869,0.4443196654319763
1.0,386.0,198.0,20.420011520385742,-118.39467763900757,35.37557077407837,0.324972927570343
1.0,350.0,202.0,-20.83395004272461,-74.20984888076782,30.929476737976074,0.15445561707019806
1.0,354.0,202.0,-16.36326313018799,-79.83904647827148,32.79664397239685,0.25956660509109497
1.0,354.0,202.0,-17.995272397994995,-82.35053062438965,32.8241331577301,0.2129700779914856
1.0,358.0,202.0,-13.737658441066742,-86.32565689086914,35.59551692008972,0.4986695349216461
1.0,362.0,202.0,-9.86363697052002,-91.32321071624756,36.246495485305786,0.45979225635528564
1.0,366.0,202.0,-6.644081115722656,-96.58415126800537,36.31365704536438,0.4804222881793976
1.0,370.0,202.0,-2.795058250427246,-101.44992923736572,36.3420147895813,0.48598751425743103
1.0,374.0,202.0,2.6003570556640625,-106.8459005355835,36.163979291915894,0.5495654940605164
1.0,378.0,202.0,5.327820777893066,-110.81626033782959,36.06332969665527,0.4278077185153961
1.0,382.0,202.0,10.343099594116211,-116.80218505859375,37.44328498840332,0.1877436637878418
1.0,382.0,202.0,12.808219909667969,-116.89424204826355,36.4831748008728,0.3217855989933014
1.0,386.0,202.0,15.88551139831543,-120.53732332587242,34.04999399185181,0.1709381341934204
1.0,358.0,206.0,-18.468644857406616,-89.03920936584473,32.22027671337128,0.33340132236480713
1.0,362.0,206.0,-14.910522520542145,-94.26229238510132,34.710439801216125,0.4557417035102844
1.0,366.0,206.0,-11.554878950119019,-100.08551347255707,35.1671462059021,0.4405554533004761
1.0,370.0,206.0,-7.567984580993652,-106.0622205734253,35.719751596450806,0.42086490988731384
1.0,374.0,206.0,-3.628098487854004,-109.87763500213623,36.45034313201904,0.48981407284736633
1.0,378.0,206.0,1.4751524925231934,-114.59602069854736,37.30016899108887,0.48300471901893616
1.0,382.0,206.0,5.292133331298828,-120.03185939788818,37.056861877441406,0.37279731035232544
1.0,386.0,206.0,4.5491180419921875,-121.42169451713562,28.759868144989014,0.10952406376600266
1.0,362.0,210.0,-18.89720344543457,-96.22196125984192,30.236186742782593,0.19263066351413727
1.0,366.0,210.0,-15.794790625572205,-103.33759021759033,33.096028208732605,0.24732071161270142
1.0,370.0,210.0,-11.689683198928833,-109.94787406921387,34.71008265018463,0.2691744565963745
1.0,374.0,210.0,-9.26494312286377,-113.55675792694092,35.41693043708801,0.31302085518836975
1.0,378.0,210.0,-3.993693768978119,-118.98467254638672,35.77566337585449,0.28284764289855957
1.0,382.0,210.0,-0.3969442844390869,-121.82803058624268,33.195284843444824,0.16620807349681854
1.0,374.0,214.0,-13.810090184211731,-115.47650527954102,32.86542987823486,0.10333892703056335
