inlier,x,y,X,Y,Z,conf
1.0,254.0,118.0,76.23558413982391,103.65037822723389,20.20443892478943,0.41211387515068054
1.0,258.0,118.0,77.64814168214798,98.81471256911755,18.827932834625244,0.7407705187797546
1.0,262.0,118.0,78.59890908002853,94.52901124954224,16.279973030090332,0.5321431159973145
1.0,266.0,118.0,78.92703050374985,95.48154878616333,2.7020211219787598,0.4787762761116028
1.0,246.0,122.0,72.83057594299316,111.11495399475098,21.977795004844666,0.06938482820987701
1.0,250.0,122.0,71.28135538101196,106.26979160308838,23.378638565540314,0.4317963719367981
1.0,254.0,122.0,71.70367956161499,99.86424505710602,23.459696114063263,0.8348866105079651
1.0,258.0,122.0,74.44301199913025,93.4527678489685,22.613216519355774,0.8575791120529175
1.0,262.0,122.0,75.82471132278442,88.30662822723389,18.93631601333618,0.784737765789032
1.0,266.0,122.0,77.31329464912415,84.05465984344482,14.639266967773438,0.4802684187889099
1.0,270.0,122.0,75.85466408729553,79.88616847991943,9.339745044708252,0.48142126202583313
1.0,274.0,122.0,76.28513717651367,77.00000858306885,3.5184687077999115,0.1420241892337799
1.0,242.0,126.0,63.233566761016846,116.19037961959839,17.678716897964478,0.1305648684501648
1.0,246.0,126.0,63.69674015045166,112.67950969934464,20.61514961719513,0.3101847469806671
1.0,250.0,126.0,65.97195243835449,104.6554126739502,26.29826807975769,0.3854610025882721
1.0,250.0,126.0,63.86425304412842,106.00765943527222,24.058407306671143,0.4227924942970276
1.0,254.0,126.0,65.75798511505127,97.1027283668518,26.3621084690094,0.7462496161460876
1.0,258.0,126.0,67.44005680084229,91.0578842163086,24.955599308013916,0.7693896293640137
1.0,262.0,126.0,68.8193416595459,86.74608516693115,20.450248956680298,0.609879732131958
1.0,266.0,126.0,70.37530517578125,81.55402565002441,15.109848976135254,0.3750675618648529
1.0,266.0,126.0,70.01445150375366,84.8153772354126,17.30868625640869,0.20621684193611145
1.0,270.0,126.0,71.38372027873993,77.42522430419922,13.084672927856445,0.6091495156288147
1.0,274.0,126.0,72.56535245478153,71.82574892044067,8.977508068084717,0.3107941448688507
1.0,242.0,130.0,57.55384135246277,117.01815366744995,19.048821330070496,0.16240310668945312
1.0,246.0,130.0,57.055231899023056,110.77525901794434,22.850431084632874,0.5194994807243347
1.0,250.0,130.0,57.57114797830582,103.343017578125,25.54842233657837,0.6876692175865173
1.0,254.0,130.0,59.12058734893799,97.72334003448486,26.67913293838501,0.5968897938728333
1.0,258.0,130.0,62.507307052612305,89.76008176803589,24.478577196598053,0.7766685485839844
1.0,262.0,130.0,63.24158573150635,84.43851709365845,21.51025128364563,0.7331182956695557
1.0,266.0,130.0,63.05330944061279,80.83351182937622,17.9562931060791,0.5393614172935486
1.0,270.0,130.0,65.06142711639404,75.2061071395874,14.439964294433594,0.6421146988868713
1.0,274.0,130.0,66.29364824295044,69.27082252502441,11.77930736541748,0.5304042100906372
1.0,278.0,130.0,66.7330265045166,64.92247819900513,5.9931416511535645,0.2439185082912445
1.0,242.0,134.0,50.25860929489136,116.61061382293701,19.407912015914917,0.2534920275211334
1.0,246.0,134.0,48.79803514480591,110.32778668403625,22.446404933929443,0.4999583661556244
1.0,250.0,134.0,50.688576221466064,103.02115440368652,24.963220596313477,0.5373483300209045
1.0,254.0,134.0,53.53939461708069,96.50198745727539,25.989675164222717,0.768515408039093
1.0,258.0,134.0,56.22986316680908,88.40720105171204,24.219290293753147,0.8202606439590454
1.0,262.0,134.0,57.1953125,83.00534558296204,21.024129390716553,0.8560223579406738
1.0,266.0,134.0,57.79378080368042,78.88234424591064,16.713790893554688,0.8207849264144897
1.0,270.0,134.0,59.195486068725586,73.77166652679443,14.134599924087524,0.47575679421424866
1.0,274.0,134.0,61.85372734069824,66.56608146429062,12.546812057495117,0.3173553943634033
1.0,274.0,134.0,61.11806869506836,66.6101803779602,11.662863910198212,0.5080217719078064
1.0,278.0,134.0,60.91234588623047,63.317421436309814,6.5544657707214355,0.3991992771625519
1.0,242.0,138.0,35.97328329086304,118.22666001319885,14.661430403590202,0.13348565995693207
1.0,242.0,138.0,42.547425270080566,116.29760670661926,19.479485273361206,0.17049792408943176
1.0,246.0,138.0,40.52587032318115,112.46650266647339,20.522968292236328,0.2233344465494156
1.0,246.0,138.0,42.06443119049072,109.42572784423828,23.49142360687256,0.3502887487411499
1.0,250.0,138.0,44.397868156433105,101.15703201293945,25.36690866947174,0.3793066740036011
1.0,254.0,138.0,47.02436876296997,95.14475345611572,25.519915103912354,0.7789640426635742
1.0,258.0,138.0,49.697322964668274,87.31004548072815,24.686478316783905,0.8449860215187073
1.0,262.0,138.0,51.048191249370575,81.77426528930664,20.515581369400024,0.9433560371398926
1.0,266.0,138.0,52.33631253242493,77.58511543273926,16.03933811187744,0.761915385723114
1.0,270.0,138.0,53.433595180511475,72.52124977111816,15.288517713546753,0.9153688549995422
1.0,274.0,138.0,54.984506607055664,65.53195440769196,12.136232662713155,0.9414549469947815
1.0,278.0,138.0,54.4830756187439,62.465174317359924,6.804091453552246,0.8090513348579407
1.0,282.0,138.0,52.9540901184082,60.35581636428833,0.7587995529174805,0.23229600489139557
1.0,238.0,142.0,27.250319480895996,119.1731137484312,11.572753667831421,0.06028347089886665
1.0,238.0,142.0,42.140679359436035,116.27890682220459,19.74382996559143,0.03544602543115616
1.0,242.0,142.0,30.942397594451904,116.21029591560364,16.567703247070312,0.3144441246986389
1.0,246.0,142.0,33.67546987533569,110.56248188018799,21.55318784713745,0.23958733677864075
1.0,246.0,142.0,35.2577486038208,107.02005672454834,24.685951352119446,0.37849825620651245
1.0,250.0,142.0,38.57908058166504,101.6664047241211,25.880185931921005,0.7130856513977051
1.0,254.0,142.0,40.994794845581055,93.88235330581665,25.439764142036438,0.41136661171913147
1.0,254.0,142.0,40.184813499450684,94.86495763063431,26.55682945251465,0.45623543858528137
1.0,258.0,142.0,41.89200210571289,86.24404236674309,23.594572007656097,0.892776608467102
1.0,262.0,142.0,44.051549434661865,81.22920083999634,19.52092456817627,0.9542101621627808
1.0,266.0,142.0,44.53758478164673,77.15527057647705,15.043845176696777,0.4747419059276581
1.0,266.0,142.0,44.355589389801025,77.19438934326172,16.094049215316772,0.5074987411499023
1.0,270.0,142.0,46.81576454639435,70.27522706985474,15.38601040840149,0.977066695690155
1.0,274.0,142.0,48.27943557500839,63.82111033797264,13.048118352890015,0.9770097136497498
1.0,278.0,142.0,48.471993282437325,60.22586250305176,7.61099910736084,0.8766879439353943
1.0,282.0,142.0,47.775541722774506,58.03695487976074,2.128358840942383,0.34407177567481995
1.0,238.0,146.0,22.994714736938477,118.097607254982,12.708701610565186,0.2435186505317688
1.0,242.0,146.0,25.197960376739502,115.52853393554688,17.620314359664917,0.4134625792503357
1.0,246.0,146.0,29.288092613220215,105.50178527832031,24.929908752441406,0.7093080878257751
1.0,250.0,146.0,32.28437566757202,99.07701754570007,25.65818463265896,0.8842332363128662
1.0,254.0,146.0,34.09765434265137,92.46453428268433,25.558371737599373,0.8902000784873962
1.0,258.0,146.0,34.75572681427002,84.86781537532806,22.001471996307373,0.3177063763141632
1.0,258.0,146.0,36.251596450805664,84.23647594451904,23.604371428489685,0.6036210656166077
1.0,262.0,146.0,36.207051277160645,80.30239057540894,18.675754070281982,0.8106297254562378
1.0,266.0,146.0,37.384565353393555,75.91208553314209,16.116840600967407,0.5259251594543457
1.0,270.0,146.0,40.2600679397583,69.70113515853882,15.163795948028564,0.9647807478904724
1.0,274.0,146.0,41.742331981658936,63.36255943775177,14.367531299591064,0.9786906242370605
1.0,278.0,146.0,43.38486957550049,57.95270872116089,10.64810299873352,0.9184525012969971
1.0,282.0,146.0,43.554479122161865,53.327622413635254,6.569802284240723,0.5669339299201965
1.0,286.0,146.0,44.68385338783264,50.23523664474487,1.4130420684814453,0.21702246367931366
1.0,286.0,146.0,43.31858968734741,49.736572265625,4.204765796661377,0.13444656133651733
1.0,290.0,146.0,44.67353677749634,45.09947109222412,-0.6436443328857422,0.08068826049566269
1.0,290.0,146.0,44.25304579734802,42.7064208984375,4.48434591293335,0.15712469816207886
1.0,294.0,146.0,46.14736986160278,36.84215068817139,2.6242856979370117,0.15009911358356476
1.0,238.0,150.0,17.25430965423584,118.07685029506683,12.89706826210022,0.25579503178596497
1.0,242.0,150.0,18.772377967834473,115.65632677078247,18.668280124664307,0.3264874517917633
1.0,242.0,150.0,21.700510501861572,112.11859130859375,24.485910534858704,0.1747928112745285
1.0,246.0,150.0,22.20497226715088,104.42777061462402,25.666867777705193,0.7686512470245361
1.0,250.0,150.0,25.86753237247467,97.58938765525818,25.3292528539896,0.894677460193634
1.0,254.0,150.0,27.227533876895905,89.98572444915771,24.606204330921173,0.9057567715644836
1.0,258.0,150.0,28.67775869369507,83.8096694946289,22.67715287208557,0.8874565958976746
1.0,262.0,150.0,31.24134922027588,81.4746265411377,16.81697714328766,0.6219701766967773
1.0,266.0,150.0,33.081210136413574,74.74810361862183,15.187087297439575,0.923930823802948
1.0,270.0,150.0,35.23578453063965,67.61015009880066,14.756399035453796,0.6682347655296326
1.0,274.0,150.0,36.212547302246094,61.74774789810181,14.011822938919067,0.8637134432792664
1.0,278.0,150.0,37.360599517822266,55.48636341094971,13.689998388290405,0.9122422933578491
1.0,282.0,150.0,39.24285888671875,49.0168399810791,11.827827215194702,0.7279996275901794
1.0,286.0,150.0,40.526774883270264,44.5545597076416,10.46889066696167,0.4402512013912201
1.0,290.0,150.0,42.477805614471436,38.87100315093994,9.423039197921753,0.678260862827301
1.0,294.0,150.0,45.523266673088074,31.614689350128174,8.257848680019379,0.6981852054595947
1.0,298.0,150.0,48.135021924972534,25.149693846702576,6.900977373123169,0.6872450113296509
1.0,302.0,150.0,50.31162238121033,19.140769958496094,5.768779516220093,0.641940712928772
1.0,306.0,150.0,51.104410886764526,14.118935585021973,5.282042026519775,0.41438791155815125
1.0,310.0,150.0,51.28415405750275,9.809160232543945,2.4063377380371094,0.3359980881214142
1.0,314.0,150.0,52.335245192050934,2.64368736743927,1.5130395889282227,0.32576510310173035
1.0,318.0,150.0,52.462773501873016,-3.345695972442627,0.2476634979248047,0.1371249556541443
1.0,358.0,150.0,63.92038297653198,-62.747177600860596,-10.635720252990723,0.25837472081184387
1.0,362.0,150.0,71.80875360965729,-77.29130744934082,-13.156654357910156,0.24026668071746826
1.0,366.0,150.0,72.25742566585541,-82.02094650268555,-15.07289457321167,0.17018179595470428
1.0,238.0,154.0,12.965818405151367,117.99175536632538,14.663755178451538,0.1956583857536316
1.0,242.0,154.0,11.942378997802734,111.65091133117676,22.934138298034668,0.14142738282680511
1.0,242.0,154.0,12.32033920288086,115.52935099601746,18.342536211013794,0.18453437089920044
1.0,242.0,154.0,15.826266288757324,112.26457977294922,24.749160885810852,0.15879938006401062
1.0,246.0,154.0,15.593074798583984,103.95276546478271,25.867423802614212,0.7391706109046936
1.0,250.0,154.0,20.030895233154297,95.30191612243652,25.433709051460028,0.8536548018455505
1.0,254.0,154.0,20.826025009155273,88.32947587966919,24.169862151145935,0.8770788311958313
1.0,258.0,154.0,21.32843017578125,84.25947856903076,21.55008840560913,0.781912624835968
1.0,262.0,154.0,23.12925362586975,80.9966516494751,16.95993947982788,0.7810672521591187
1.0,266.0,154.0,24.986690998077393,74.47344017028809,14.919991135597229,0.8698796033859253
1.0,270.0,154.0,29.2232666015625,67.71732318401337,14.896506309509277,0.8422158360481262
1.0,274.0,154.0,31.267033576965332,60.67226696014404,15.112885117530823,0.8375468254089355
1.0,278.0,154.0,30.580188751220703,53.9056396484375,15.326855301856995,0.5306437611579895
1.0,278.0,154.0,32.02194404602051,54.00980567932129,16.35457754135132,0.3596777021884918
1.0,282.0,154.0,34.222683906555176,47.7929630279541,14.4241464138031,0.465869277715683
1.0,282.0,154.0,33.73222637176514,47.30538368225098,15.76400637626648,0.2714940905570984
1.0,286.0,154.0,36.03128433227539,40.336812019348145,15.025683999061584,0.5219445824623108
1.0,290.0,154.0,38.66887092590332,34.31153106689453,13.347003936767578,0.6086052656173706
1.0,294.0,154.0,40.074824810028076,27.978062987327576,13.785335540771484,0.7604080438613892
1.0,298.0,154.0,42.1039981842041,22.483386993408203,12.972758769989014,0.7253877520561218
1.0,302.0,154.0,44.71877861022949,16.57177734375,12.003798961639404,0.7019978165626526
1.0,306.0,154.0,46.505815744400024,10.715860366821289,11.704005002975464,0.5563873052597046
1.0,310.0,154.0,48.99366474151611,4.898070573806763,9.924018859863281,0.6903775334358215
1.0,314.0,154.0,50.90177035331726,-1.439988374710083,8.612573623657227,0.8641758561134338
1.0,318.0,154.0,51.81639850139618,-8.221654891967773,7.569626808166504,0.8935308456420898
1.0,322.0,154.0,52.27744287252426,-14.044784545898438,5.665131568908691,0.7781534194946289
1.0,326.0,154.0,52.875255942344666,-19.04625129699707,4.168117523193359,0.20189709961414337
1.0,326.0,154.0,51.60930824279785,-20.350784301757812,2.9578343629837036,0.4022347033023834
1.0,330.0,154.0,52.68117380142212,-25.02711296081543,2.8844152688980103,0.4242272973060608
1.0,334.0,154.0,54.8613646030426,-30.670119762420654,3.2701401710510254,0.2317720204591751
1.0,338.0,154.0,57.08903658390045,-34.96294283866882,5.022070050239563,0.10479149222373962
1.0,346.0,154.0,61.091190576553345,-45.135262966156006,5.941156029701233,0.16218498349189758
1.0,350.0,154.0,62.070375204086304,-50.93242835998535,5.7508498430252075,0.18828614056110382
1.0,354.0,154.0,66.4073977470398,-64.3999834060669,10.391353130340576,0.42260387539863586
1.0,358.0,154.0,68.51081252098083,-71.89463710784912,9.133805751800537,0.5826166868209839
1.0,362.0,154.0,69.92581224441528,-78.83291983604431,8.795504570007324,0.5549092888832092
1.0,366.0,154.0,70.61810266971588,-84.45613288879395,6.593489646911621,0.23210018873214722
1.0,366.0,154.0,69.41972422599792,-81.2333755493164,-8.787620544433594,0.3128621280193329
1.0,370.0,154.0,70.24101328849792,-85.42104625701904,-10.392228126525879,0.35455116629600525
1.0,374.0,154.0,71.0119343996048,-90.6199312210083,-12.979330062866211,0.10732191801071167
1.0,238.0,158.0,10.254938125610352,117.75266361236572,16.827564120292664,0.1044381633400917
1.0,238.0,158.0,3.516037940979004,120.21279096603394,13.160129189491272,0.0691409483551979
1.0,242.0,158.0,8.679997444152832,111.76023483276367,23.363216638565063,0.40586090087890625
1.0,246.0,158.0,11.762566566467285,102.16298389434814,26.22022032737732,0.4432297945022583
1.0,246.0,158.0,10.887450218200684,102.90744876861572,25.28403539955616,0.3597005307674408
1.0,250.0,158.0,13.582672119140625,94.26092875003815,26.310803830623627,0.27748599648475647
1.0,250.0,158.0,12.101679801940918,94.06155359745026,25.71684980392456,0.5542222261428833
1.0,254.0,158.0,13.737236022949219,87.52968788146973,24.158848881721497,0.652653157711029
1.0,258.0,158.0,15.92641305923462,84.2251386642456,19.175724267959595,0.36981621384620667
1.0,258.0,158.0,16.133991241455078,84.15628051757812,21.02010726928711,0.4231145977973938
1.0,262.0,158.0,17.580554246902466,80.00347137451172,16.698148280382156,0.8145892024040222
1.0,266.0,158.0,18.67409896850586,73.77151441574097,15.333549618721008,0.7786064743995667
1.0,270.0,158.0,21.79333585500717,67.66613221168518,14.851105809211731,0.7582310438156128
1.0,274.0,158.0,23.836722135543823,59.9624137878418,14.688205242156982,0.835422933101654
1.0,278.0,158.0,25.49395227432251,52.56030464172363,15.102086186408997,0.7807198166847229
1.0,282.0,158.0,28.484264373779297,45.53961372375488,15.086958408355713,0.7785588502883911
1.0,286.0,158.0,30.03160572052002,38.34129571914673,15.958730399608612,0.7998599410057068
1.0,290.0,158.0,31.8823823928833,31.587091207504272,15.896426260471344,0.6935935616493225
1.0,294.0,158.0,33.73347759246826,25.511375904083252,15.835262298583984,0.40353190898895264
1.0,294.0,158.0,34.57677745819092,25.282875299453735,16.073565006256104,0.23712758719921112
1.0,298.0,158.0,36.27778625488281,19.567935943603516,16.335021495819092,0.4834485948085785
1.0,302.0,158.0,38.94284725189209,14.866312980651855,15.431306838989258,0.47169432044029236
1.0,306.0,158.0,40.5246467590332,8.110032081604004,14.150952875614166,0.3070158362388611
1.0,310.0,158.0,43.04587745666504,1.342198371887207,13.586714029312134,0.470608115196228
1.0,314.0,158.0,44.51888656616211,-5.243168592453003,12.453132152557373,0.5962134003639221
1.0,318.0,158.0,45.45975112915039,-11.700803756713867,11.17173147201538,0.626994788646698
1.0,322.0,158.0,46.25374984741211,-18.23357391357422,10.67953634262085,0.3831230103969574
1.0,322.0,158.0,48.4968900680542,-18.965490341186523,8.761628270149231,0.2133425772190094
1.0,326.0,158.0,49.368021965026855,-23.55527114868164,9.066750168800354,0.603866457939148
1.0,330.0,158.0,51.38755178451538,-27.836066246032715,10.433898568153381,0.4622896611690521
1.0,334.0,158.0,54.52735686302185,-32.50572395324707,12.975497841835022,0.26803019642829895
1.0,338.0,158.0,57.665812492370605,-45.187522888183594,22.86851406097412,0.21575762331485748
1.0,338.0,158.0,57.34564507007599,-38.42780274152756,14.087270379066467,0.12042712420225143
1.0,342.0,158.0,57.353270530700684,-48.995880126953125,23.18769931793213,0.22868163883686066
1.0,346.0,158.0,61.900208473205566,-53.92077350616455,19.766342163085938,0.1870320588350296
1.0,350.0,158.0,61.69486045837402,-59.63967847824097,18.870104789733887,0.2930302023887634
1.0,354.0,158.0,62.98640727996826,-67.24722671508789,18.68983483314514,0.17835833132266998
1.0,354.0,158.0,61.82109451293945,-65.34385275840759,21.102920532226562,0.21605907380580902
1.0,358.0,158.0,66.38601684570312,-76.28202104568481,22.043973922729492,0.502114474773407
1.0,362.0,158.0,68.98946976661682,-82.90443706512451,23.965774536132812,0.6975330710411072
1.0,366.0,158.0,70.37435019016266,-87.61541843414307,22.597183227539062,0.6973550915718079
1.0,370.0,158.0,71.84164029359818,-91.82994174957275,18.655298948287964,0.6433500051498413
1.0,374.0,158.0,71.87844040989876,-97.35061073303223,15.675922721624374,0.29144901037216187
1.0,374.0,158.0,69.9871335029602,-94.98583680391312,-6.790369033813477,0.27974623441696167
1.0,378.0,158.0,70.31256771087646,-100.01491498947144,-8.811225891113281,0.4073159396648407
1.0,382.0,158.0,69.1657874584198,-105.02739715576172,-12.130744934082031,0.3370301127433777
1.0,382.0,158.0,70.4439525604248,-107.75880718231201,-0.42595672607421875,0.20857058465480804
1.0,386.0,158.0,67.47685050964355,-109.1955099105835,-18.458687871694565,0.31403133273124695
1.0,238.0,162.0,-0.8801236152648926,114.4369010925293,21.453993320465088,0.05179831385612488
1.0,238.0,162.0,-0.3858497142791748,120.44519257545471,14.110674500465393,0.044796593487262726
1.0,238.0,162.0,-8.349465370178223,120.06729888916016,13.160999059677124,0.07731334120035172
1.0,242.0,162.0,3.916496515274048,109.81990146636963,24.182794094085693,0.5963730216026306
1.0,246.0,162.0,6.10446834564209,100.62273359298706,26.361009657382965,0.7838636040687561
1.0,250.0,162.0,8.093783378601074,92.38284921646118,26.150447368621826,0.8050712943077087
1.0,254.0,162.0,10.3441801071167,86.43416213989258,24.2986319065094,0.7451989650726318
1.0,258.0,162.0,10.028493881225586,81.83720779418945,20.6352801322937,0.4296654760837555
1.0,258.0,162.0,10.622160911560059,83.32931995391846,19.08826184272766,0.2752033770084381
1.0,262.0,162.0,12.29903507232666,80.17282676696777,16.922621309757233,0.7642749547958374
1.0,266.0,162.0,13.727017879486084,72.98916697502136,15.464546382427216,0.7614141702651978
1.0,270.0,162.0,15.335960388183594,65.75816869735718,14.664009809494019,0.771382749080658
1.0,274.0,162.0,16.88345432281494,58.942721366882324,14.225656270980835,0.862684428691864
1.0,278.0,162.0,19.094351053237915,51.338768005371094,14.407146215438843,0.6951882839202881
1.0,282.0,162.0,21.969567894935608,44.27850914001465,15.188179016113281,0.8594828844070435
1.0,286.0,162.0,23.602949380874634,37.27040481567383,16.603669553995132,0.8557910919189453
1.0,290.0,162.0,26.742432117462158,29.887762904167175,16.584778875112534,0.7210277915000916
1.0,294.0,162.0,29.11357307434082,23.191044807434082,16.345398902893066,0.5575190186500549
1.0,298.0,162.0,31.74132537841797,16.658175468444824,16.534709095954895,0.2873639166355133
1.0,302.0,162.0,34.63562345504761,12.141324996948242,15.79871416091919,0.2444351613521576
1.0,306.0,162.0,35.49853181838989,5.674895286560059,15.1978120803833,0.20438024401664734
1.0,310.0,162.0,36.95404052734375,-0.3891754150390625,14.616946212947369,0.21195414662361145
1.0,314.0,162.0,39.15959358215332,-6.690686374902725,14.158593475818634,0.4707871973514557
1.0,318.0,162.0,40.86797046661377,-13.458526134490967,13.212286472320557,0.659740149974823
1.0,322.0,162.0,42.26619529724121,-21.025959968566895,12.861769199371338,0.6232678294181824
1.0,326.0,162.0,44.34194755554199,-27.004249572753906,12.39596140384674,0.2967240512371063
1.0,330.0,162.0,47.49937570095062,-35.08142566680908,20.268858909606934,0.3313097059726715
1.0,334.0,162.0,51.66551899909973,-41.69968545436859,26.94521951675415,0.3162355422973633
1.0,338.0,162.0,54.20395803451538,-47.836266040802,28.947425842285156,0.231611967086792
1.0,342.0,162.0,54.71051216125488,-51.799123764038086,27.707545042037964,0.14371688663959503
1.0,346.0,162.0,55.402671813964844,-57.23378372192383,26.578248023986816,0.17433463037014008
1.0,350.0,162.0,57.072269439697266,-63.92186141014099,26.02589511871338,0.17605280876159668
1.0,354.0,162.0,58.470205783843994,-70.15480899810791,28.118670880794525,0.18879465758800507
1.0,358.0,162.0,62.11474132537842,-77.5356216430664,32.84319496154785,0.26165449619293213
1.0,362.0,162.0,65.87467050552368,-84.6022276878357,34.1324348449707,0.35871750116348267
1.0,366.0,162.0,66.98640775680542,-90.3225040435791,33.73377227783203,0.48877671360969543
1.0,370.0,162.0,67.41188287734985,-95.31413078308105,31.67958354949951,0.42527058720588684
1.0,370.0,162.0,68.06027555465698,-94.42994499206543,30.697389602661133,0.3043738901615143
1.0,374.0,162.0,68.66955947875977,-100.8725938796997,29.220587253570557,0.7226911783218384
1.0,378.0,162.0,69.03153610229492,-105.60582733154297,23.901180267333984,0.7139177322387695
1.0,382.0,162.0,68.93185424804688,-110.9090428352356,10.643741607666016,0.7437779903411865
1.0,386.0,162.0,67.81946325302124,-113.7416763305664,-2.746598482131958,0.777703583240509
1.0,390.0,162.0,65.87091493606567,-112.42434501647949,-20.03512680530548,0.15530046820640564
1.0,390.0,162.0,65.77038717269897,-115.83517718315125,-13.387043952941895,0.1740022599697113
1.0,238.0,166.0,-12.36523723602295,117.335364818573,13.677802801132202,0.13883337378501892
1.0,242.0,166.0,-3.045771598815918,107.28782272338867,24.85064297914505,0.5074285864830017
1.0,246.0,166.0,-0.978697657585144,99.4682297706604,25.93729516863823,0.8335644006729126
1.0,250.0,166.0,1.6035234928131104,91.0912938117981,25.88174745440483,0.8896042704582214
1.0,254.0,166.0,3.216984748840332,85.01163482666016,23.992753982543945,0.8726660013198853
1.0,258.0,166.0,4.390531063079834,80.1283655166626,19.501871585845947,0.7563733458518982
1.0,262.0,166.0,5.548493385314941,78.80728530883789,15.041890382766724,0.5947491526603699
1.0,266.0,166.0,6.495701789855957,71.24272191524506,12.92411470413208,0.7417144775390625
1.0,270.0,166.0,8.534666061401367,63.7555947303772,13.023497819900513,0.7787613868713379
1.0,274.0,166.0,10.82685661315918,57.24454879760742,13.00857925415039,0.8147409558296204
1.0,278.0,166.0,12.558879375457764,48.71579551696777,14.274521350860596,0.4061151444911957
1.0,278.0,166.0,11.748795509338379,49.87346267700195,13.354909181594849,0.4562114477157593
1.0,282.0,166.0,14.962470531463623,43.57494258880615,14.326712608337402,0.893552303314209
1.0,286.0,166.0,16.01585102081299,36.836050033569336,15.932035863399506,0.860486626625061
1.0,290.0,166.0,19.332048416137695,28.769109964370728,16.30313640832901,0.7630562782287598
1.0,294.0,166.0,22.337903261184692,21.634756088256836,15.98486316204071,0.5992998480796814
1.0,298.0,166.0,25.0741548538208,15.319332122802734,16.07927232980728,0.4142425060272217
1.0,302.0,166.0,26.91011953353882,9.871471405029297,15.096065044403076,0.2243364006280899
1.0,306.0,166.0,27.742808252573013,3.6343917846679688,15.27174174785614,0.1550520807504654
1.0,310.0,166.0,30.335902452468872,-1.6726646423339844,15.304023206233978,0.22249388694763184
1.0,314.0,166.0,32.68229341506958,-8.206549406051636,15.21613335609436,0.4283274710178375
1.0,318.0,166.0,33.889070987701416,-14.865171432495117,14.2005096077919,0.6168087124824524
1.0,322.0,166.0,35.89079189300537,-21.89565658569336,14.079293727874756,0.7057470679283142
1.0,326.0,166.0,37.55984306335449,-28.029467582702637,13.746829986572266,0.27709826827049255
1.0,326.0,166.0,39.310866355895996,-28.034751892089844,13.840595424175262,0.23228837549686432
1.0,330.0,166.0,41.635788440704346,-35.708210468292236,24.311801433563232,0.5166915655136108
1.0,334.0,166.0,45.681082010269165,-43.32532000541687,32.74049746990204,0.3906761705875397
1.0,338.0,166.0,46.994131565093994,-50.07079029083252,32.740514516830444,0.3459114730358124
1.0,342.0,166.0,48.816259145736694,-55.303619384765625,33.26925086975098,0.1821853220462799
1.0,346.0,166.0,50.72913357615471,-58.78841495513916,30.97180473804474,0.2019251137971878
1.0,350.0,166.0,52.84638786315918,-65.73960435390472,29.989818811416626,0.1398932784795761
1.0,354.0,166.0,55.48106336593628,-72.97200632095337,33.034183979034424,0.151407852768898
1.0,358.0,166.0,57.98214292526245,-80.27692222595215,37.01384735107422,0.24187995493412018
1.0,362.0,166.0,60.00362586975098,-86.41424751281738,38.19883155822754,0.2835261821746826
1.0,366.0,166.0,60.946314215660095,-91.97360229492188,36.75053596496582,0.2878868281841278
1.0,370.0,166.0,63.91980481147766,-96.48604202270508,36.10440945625305,0.5795717835426331
1.0,374.0,166.0,65.91773700714111,-102.97251033782959,35.18636465072632,0.6797258853912354
1.0,378.0,166.0,66.81443452835083,-108.6919755935669,31.49238395690918,0.7220329642295837
1.0,382.0,166.0,66.56298875808716,-111.7377381324768,24.220643043518066,0.6558045744895935
1.0,386.0,166.0,65.35848140716553,-115.17503452301025,2.065335750579834,0.7861772775650024
1.0,390.0,166.0,64.61538672447205,-116.84956538677216,-9.92047119140625,0.3643935024738312
1.0,238.0,170.0,-16.44877338409424,115.380610704422,13.69980239868164,0.17985640466213226
1.0,242.0,170.0,-9.48151683807373,104.24938869476318,24.240755319595337,0.1953405886888504
1.0,242.0,170.0,-13.0897855758667,108.39528560638428,20.371410846710205,0.17651794850826263
1.0,246.0,170.0,-8.656225204467773,97.8467071056366,24.896758258342743,0.6115492582321167
1.0,250.0,170.0,-6.603399753570557,91.85323905944824,24.928268492221832,0.8220681548118591
1.0,254.0,170.0,-4.244178295135498,85.04709243774414,22.594050407409668,0.8593652844429016
1.0,258.0,170.0,-2.109173536300659,79.60794067382812,17.48562240600586,0.7353893518447876
1.0,262.0,170.0,-1.975736379623413,77.40313529968262,13.182266235351562,0.29794812202453613
1.0,262.0,170.0,-1.990102767944336,77.05404949188232,12.909623622894287,0.37245821952819824
1.0,266.0,170.0,0.0278778076171875,70.78768408298492,10.945188045501709,0.525370717048645
1.0,270.0,170.0,0.9852790832519531,62.94307518005371,11.236611127853394,0.24744358658790588
1.0,270.0,170.0,1.9492988586425781,62.84300899505615,10.563939571380615,0.40755948424339294
1.0,274.0,170.0,3.007535934448242,56.36213302612305,10.776004552841187,0.5353355407714844
1.0,278.0,170.0,5.467464447021484,50.43308091163635,11.956186056137085,0.5462168455123901
1.0,282.0,170.0,6.652734756469727,42.54378795623779,13.241355419158936,0.8465657234191895
1.0,286.0,170.0,8.43614387512207,36.02950096130371,13.972683668136597,0.8654654622077942
1.0,290.0,170.0,11.183298110961914,28.888060569763184,14.12222170829773,0.8050510287284851
1.0,294.0,170.0,14.025181293487549,21.983298301696777,14.155367612838745,0.6818377375602722
1.0,298.0,170.0,16.196817874908447,15.08700180053711,14.427030324935913,0.5205034017562866
1.0,302.0,170.0,18.121487617492676,10.71623420715332,13.735022068023682,0.21150760352611542
1.0,306.0,170.0,19.892334938049316,3.785313606262207,13.475271821022034,0.1931690126657486
1.0,310.0,170.0,23.093663215637207,-1.457334041595459,13.854242324829102,0.2563760578632355
1.0,314.0,170.0,26.222259759902954,-9.133933305740356,14.25277778506279,0.3872952461242676
1.0,318.0,170.0,27.215282797813416,-16.453242301940918,14.223568856716156,0.574859619140625
1.0,322.0,170.0,29.87059199810028,-23.393274307250977,14.649085782468319,0.6358495950698853
1.0,326.0,170.0,31.1498441696167,-29.1641583442688,14.947195529937744,0.44536036252975464
1.0,330.0,170.0,36.969200134277344,-38.14550161361694,29.164493083953857,0.5048973560333252
1.0,334.0,170.0,40.845338344573975,-45.78412580490112,35.51723384857178,0.5015788674354553
1.0,338.0,170.0,41.349395751953125,-51.86419105529785,34.070037603378296,0.45079052448272705
1.0,342.0,170.0,43.87399339675903,-56.12919521331787,34.02392578125,0.4127943515777588
1.0,346.0,170.0,45.24498510360718,-60.76427888870239,32.6874361038208,0.28073838353157043
1.0,350.0,170.0,47.52614402770996,-68.04081428050995,32.907037019729614,0.19991512596607208
1.0,354.0,170.0,50.482664443552494,-75.44699668884277,35.36264228820801,0.21807260811328888
1.0,358.0,170.0,52.45083951950073,-81.36526012420654,37.04733848571777,0.22474421560764313
1.0,362.0,170.0,53.50373649597168,-87.18176370859146,36.422897040843964,0.12462455034255981
1.0,362.0,170.0,55.065269947052,-86.92909622192383,37.688764572143555,0.14960524439811707
1.0,366.0,170.0,54.32979679107666,-92.6955623626709,36.153547286987305,0.16213005781173706
1.0,366.0,170.0,55.13735771179199,-92.06656885147095,36.67264658212662,0.24067188799381256
1.0,370.0,170.0,57.38237762451172,-97.99875831604004,36.48711681365967,0.5412889719009399
1.0,374.0,170.0,60.55714347958565,-104.4102144241333,37.000399589538574,0.6002686023712158
1.0,378.0,170.0,62.753249168395996,-111.16137027740479,36.26589035987854,0.6577851176261902
1.0,382.0,170.0,62.20829963684082,-115.30473172664642,29.240488052368164,0.6934360265731812
1.0,386.0,170.0,61.17893409729004,-117.20500785112381,5.58441162109375,0.5423445105552673
1.0,390.0,170.0,57.792338371276855,-117.47765326499939,-24.8106632232666,0.22615179419517517
1.0,390.0,170.0,60.62210375070572,-117.28662467002869,-8.175780296325684,0.176107719540596
1.0,238.0,174.0,-20.993408858776093,114.77487373352051,12.538947820663452,0.19229701161384583
1.0,242.0,174.0,-18.858055114746094,107.31021738052368,18.24994730949402,0.2701144218444824
1.0,246.0,174.0,-14.851666450500488,96.48543041944504,23.550018310546875,0.27842164039611816
1.0,246.0,174.0,-16.594821214675903,99.7231798171997,23.748058319091797,0.26538512110710144
1.0,250.0,174.0,-13.200309753417969,91.82575225830078,23.363768100738525,0.6597374677658081
1.0,254.0,174.0,-11.213400840759277,85.65670776367188,20.880640983581543,0.3289274573326111
1.0,254.0,174.0,-11.444916725158691,86.87654542922974,19.66390609741211,0.5896481275558472
1.0,258.0,174.0,-10.158529281616211,80.96072781085968,15.991500854492188,0.875148355960846
1.0,262.0,174.0,-7.586670875549316,74.78662729263306,12.74818229675293,0.8791950345039368
1.0,266.0,174.0,-6.506253242492676,69.29244995117188,10.608208417892456,0.5810506939888
1.0,270.0,174.0,-5.781102657318115,64.40013599395752,7.461484670639038,0.585035502910614
1.0,274.0,174.0,-4.056549072265625,56.970592975616455,7.4031407833099365,0.5462656021118164
1.0,278.0,174.0,-1.3958368301391602,50.061638712882996,8.281549215316772,0.6987385749816895
1.0,282.0,174.0,1.0010623931884766,42.369001388549805,10.7183358669281,0.5128864645957947
1.0,286.0,174.0,3.1315046548843384,35.45001554489136,11.442988872528076,0.5179251432418823
1.0,290.0,174.0,5.7858428955078125,29.68963074684143,9.879190444946289,0.30718615651130676
1.0,290.0,174.0,4.744242548942566,31.137394189834595,10.048112392425537,0.4208337962627411
1.0,294.0,174.0,8.019661903381348,23.105978965759277,10.11105728149414,0.275145024061203
1.0,294.0,174.0,5.093980193138123,24.70429515838623,8.496158123016357,0.22555069625377655
1.0,298.0,174.0,10.069985389709473,16.712437629699707,10.797369480133057,0.18207286298274994
1.0,298.0,174.0,6.11158013343811,18.70013427734375,7.859466075897217,0.14960430562496185
1.0,302.0,174.0,11.749409675598145,11.492685317993164,11.833431720733643,0.06721487641334534
1.0,302.0,174.0,12.122391700744629,11.962841033935547,10.868521213531494,0.08455473929643631
1.0,302.0,174.0,7.943907737731934,13.66377067565918,6.599067211151123,0.09275635331869125
1.0,306.0,174.0,12.694847106933594,4.971353530883789,9.850837707519531,0.1192949041724205
1.0,310.0,174.0,15.009366989135742,-2.327583074569702,9.325834274291992,0.14195355772972107
1.0,314.0,174.0,18.109281539916992,-10.24629282951355,9.737154960632324,0.20211222767829895
1.0,318.0,174.0,20.546329975128174,-18.00601863861084,10.388964653015137,0.3202795386314392
1.0,322.0,174.0,21.435180187225342,-24.299724578857422,11.692147374153137,0.5219320058822632
1.0,326.0,174.0,24.17556381225586,-30.150474548339844,13.807793140411377,0.5806438326835632
1.0,330.0,174.0,34.10315704345703,-41.21729534864426,32.879146575927734,0.1859527826309204
1.0,330.0,174.0,29.37824058532715,-42.7242431640625,33.650418281555176,0.30975452065467834
1.0,334.0,174.0,35.628451347351074,-47.21095657348633,36.430907249450684,0.22303923964500427
1.0,334.0,174.0,33.41831398010254,-46.335025042295456,35.2474707365036,0.43299221992492676
1.0,338.0,174.0,36.147422790527344,-52.29277515411377,34.769390761852264,0.535851001739502
1.0,342.0,174.0,38.57231044769287,-59.045838356018066,35.28001165390015,0.5372965931892395
1.0,346.0,174.0,40.61075019836426,-63.20396947860718,34.19555950164795,0.4809979200363159
1.0,350.0,174.0,42.49267387390137,-69.6682493686676,34.46089458465576,0.36812737584114075
1.0,354.0,174.0,43.36455059051514,-76.5051441192627,36.203461825847626,0.17767585813999176
1.0,354.0,174.0,44.349380016326904,-76.02672672271729,35.66657876968384,0.23436374962329865
1.0,358.0,174.0,45.62580394744873,-82.44335269927979,36.7199869453907,0.33251336216926575
1.0,362.0,174.0,48.220805168151855,-88.16282975673676,36.66302525997162,0.33571359515190125
1.0,366.0,174.0,49.87555503845215,-94.6196174621582,36.45694509148598,0.3399375081062317
1.0,370.0,174.0,50.24482727050781,-99.73977279663086,36.00350737571716,0.3229999244213104
1.0,374.0,174.0,53.36634302139282,-105.84481716156006,36.70517897605896,0.4758596420288086
1.0,378.0,174.0,56.29440188407898,-112.99847674369812,37.18558669090271,0.5809475183486938
1.0,382.0,174.0,56.30796933174133,-118.06317794322968,31.196933031082153,0.5897904634475708
1.0,386.0,174.0,56.93211817741394,-117.73851025104523,24.159753799438477,0.267446368932724
1.0,386.0,174.0,55.7229905128479,-118.72613650560379,7.288110733032227,0.15616261959075928
1.0,390.0,174.0,49.73636555671692,-117.88664543628693,-25.633708000183105,0.09364341199398041
0.0,234.0,178.0,-36.106499671936035,115.52801817655563,9.261878252029419,0.051386263221502304
1.0,234.0,178.0,-28.46365976333618,115.85147285461426,10.54186201095581,0.04992254078388214
1.0,238.0,178.0,-27.69183874130249,113.83392405509949,11.429540395736694,0.14683161675930023
1.0,242.0,178.0,-25.64226484298706,107.85559439659119,15.243461154401302,0.3122889995574951
1.0,246.0,178.0,-22.94590711593628,100.63531112670898,19.468271255493164,0.6332190036773682
1.0,250.0,178.0,-20.376140236854553,93.01945209503174,19.23215103149414,0.6406043767929077
1.0,254.0,178.0,-18.448604583740234,87.06996154785156,16.14985942840576,0.9552156925201416
1.0,258.0,178.0,-17.952211618423462,80.69412350654602,12.933542728424072,0.9630307555198669
1.0,262.0,178.0,-17.124497413635254,74.40099334716797,10.387519001960754,0.9361373782157898
1.0,266.0,178.0,-14.902543544769287,68.36913204193115,8.998749315738678,0.7853286266326904
1.0,270.0,178.0,-13.903258562088013,65.930251121521,2.9096438884735107,0.4991823136806488
1.0,274.0,178.0,-13.11877703666687,59.63119983673096,3.2084600925445557,0.3826321065425873
1.0,278.0,178.0,-10.49714583158493,51.837794525548816,4.547252416610718,0.46881380677223206
1.0,282.0,178.0,-7.325490474700928,41.945801734924316,6.358783483505249,0.5705369114875793
1.0,286.0,178.0,-3.364128589630127,37.79817295074463,4.647360324859619,0.4980355203151703
1.0,290.0,178.0,-1.3771286010742188,32.778647899627686,3.585050106048584,0.5974674820899963
1.0,294.0,178.0,1.1404790878295898,27.44265043735504,3.866746425628662,0.34013858437538147
1.0,298.0,178.0,3.4107082784175873,22.382667064666748,5.072346210479736,0.15328039228916168
1.0,322.0,178.0,14.890450358390808,-26.638882637023926,5.562435626983643,0.1593227982521057
1.0,326.0,178.0,17.755889177322388,-30.78221321105957,10.210068345069885,0.3725024461746216
1.0,330.0,178.0,26.283870220184326,-43.003931283950806,33.936535477638245,0.5354068279266357
1.0,334.0,178.0,27.64995765686035,-48.28290033340454,35.58938439562917,0.6938684582710266
1.0,338.0,178.0,29.847919464111328,-54.7344651222229,35.04462903738022,0.7812387943267822
1.0,342.0,178.0,31.693212509155273,-61.86989402770996,35.293453216552734,0.578150749206543
1.0,346.0,178.0,35.33175849914551,-65.55141627788544,34.08312654495239,0.4808518886566162
1.0,350.0,178.0,36.59797191619873,-72.67249393463135,35.76721215248108,0.3907482624053955
1.0,354.0,178.0,39.149672508239746,-78.44168186187744,36.5888914167881,0.46833476424217224
1.0,358.0,178.0,40.66383934020996,-84.55508959293365,36.949823716655374,0.45206838846206665
1.0,362.0,178.0,42.54530620574951,-90.88669490814209,36.87239157408476,0.374453067779541
1.0,366.0,178.0,43.84499740600586,-96.68891525268555,36.40566408634186,0.2203034609556198
1.0,370.0,178.0,44.50097465515137,-101.60416221618652,35.426663875579834,0.09493955224752426
1.0,370.0,178.0,46.411316871643066,-102.1357307434082,36.17661589384079,0.15063127875328064
1.0,374.0,178.0,47.15714645385742,-108.04505252838135,36.35438013076782,0.34576648473739624
1.0,378.0,178.0,49.55594444274902,-114.61045050621033,36.90331745147705,0.47345903515815735
1.0,382.0,178.0,50.9873628616333,-119.16939377784729,32.64675223827362,0.3838474154472351
1.0,386.0,178.0,52.627357006073,-117.51794570684433,26.002022743225098,0.05048456788063049
1.0,386.0,178.0,43.082897424697876,-119.21325071156025,-27.23508071899414,0.03269694000482559
1.0,238.0,182.0,-37.06976509094238,111.53084015846252,12.179712295532227,0.10546083748340607
1.0,238.0,182.0,-33.76742172241211,111.40506634116173,11.585916996002197,0.05466970428824425
1.0,242.0,182.0,-32.38278102874756,106.88117551803589,13.95634925365448,0.28804081678390503
1.0,246.0,182.0,-29.6096830368042,100.61256694793701,16.745880365371704,0.6745677590370178
1.0,250.0,182.0,-28.628995418548584,93.56158447265625,17.521681785583496,0.7850880026817322
1.0,254.0,182.0,-27.655142307281494,86.64860105514526,13.669088363647461,0.96377032995224
1.0,258.0,182.0,-27.356139183044434,80.45237970352173,10.836055278778076,0.9432145357131958
1.0,262.0,182.0,-24.61515164375305,74.62203931808472,8.847073823213577,0.8935573697090149
1.0,266.0,182.0,-23.19790256023407,69.24376964569092,7.072354435920715,0.7452790141105652
1.0,270.0,182.0,-21.762022107839584,67.2867317199707,3.4076180458068848,0.19716303050518036
1.0,274.0,182.0,-17.529053211212158,62.38372611999512,1.228018045425415,0.09069181233644485
1.0,278.0,182.0,-14.62448763847351,56.03242588043213,2.0324175357818604,0.10509856790304184
1.0,282.0,182.0,-12.226041793823242,45.26411008834839,3.8279054164886475,0.1865030825138092
1.0,286.0,182.0,-10.377342939376831,36.56608200073242,4.192973852157593,0.1268976330757141
1.0,286.0,182.0,-6.347496032714844,40.76260757446289,0.1732635498046875,0.10207681357860565
1.0,290.0,182.0,-4.589531898498535,37.05363178253174,-1.3659393787384033,0.12410276383161545
1.0,326.0,182.0,12.59110164642334,-34.52788758277893,10.9392808675766,0.05032425373792648
1.0,326.0,182.0,16.799752950668335,-42.05909872055054,33.169102907180786,0.09669240564107895
1.0,330.0,182.0,20.556229169480503,-44.27967429161072,34.610915541648865,0.5373502373695374
1.0,334.0,182.0,22.283944129943848,-49.63692569732666,35.006701707839966,0.6843449473381042
1.0,338.0,182.0,23.513943433761597,-56.48579025268555,34.99486643075943,0.7794144153594971
1.0,342.0,182.0,26.35015106201172,-63.48404502868652,35.4276871830225,0.682200014591217
1.0,346.0,182.0,28.218794345855713,-68.63447380065918,35.091646909713745,0.49626898765563965
1.0,350.0,182.0,30.383862495422363,-74.96977138519287,36.14043599367142,0.5419455170631409
1.0,354.0,182.0,32.99412423372269,-80.47158718109131,36.60929477214813,0.46821653842926025
1.0,358.0,182.0,34.62005376815796,-86.63150453567505,36.955786883831024,0.466342031955719
1.0,362.0,182.0,37.22916650772095,-93.00252294540405,36.80403460562229,0.36960089206695557
1.0,366.0,182.0,37.80438423156738,-98.34543323516846,36.46174344420433,0.18365059792995453
1.0,370.0,182.0,40.216365337371826,-103.36279106140137,36.168633341789246,0.12463846057653427
1.0,370.0,182.0,39.36095142364502,-104.71616268157959,36.27469873428345,0.109718456864357
1.0,374.0,182.0,42.47384166717529,-110.27675819396973,36.888535499572754,0.24575121700763702
1.0,378.0,182.0,44.08699131011963,-115.89153575897217,34.99490547180176,0.3072816729545593
1.0,382.0,182.0,42.58339786529541,-118.40262508392334,30.480564892292023,0.1858738213777542
1.0,238.0,186.0,-42.91489911079407,109.51648473739624,13.384398937225342,0.17364971339702606
1.0,242.0,186.0,-39.881762981414795,106.77506303787231,15.036206245422363,0.44680458307266235
1.0,246.0,186.0,-37.322885513305664,102.14443683624268,15.937416076660156,0.40584737062454224
1.0,246.0,186.0,-35.21372985839844,100.66280746459961,15.98327749967575,0.3869890570640564
1.0,250.0,186.0,-35.3687162399292,92.05570602416992,15.239023685455322,0.8506685495376587
1.0,254.0,186.0,-35.398837089538574,85.64281606674194,11.446104526519775,0.9025712013244629
1.0,258.0,186.0,-34.09470748901367,80.163094997406,9.134651720523834,0.827894926071167
1.0,262.0,186.0,-30.769071578979492,75.01060819625854,8.268713742494583,0.7396630644798279
1.0,266.0,186.0,-28.95325803756714,71.24462223052979,3.1378674507141113,0.459062784910202
0.0,270.0,186.0,-35.204681396484375,71.84460544586182,-2.550705909729004,0.11514409631490707
1.0,270.0,186.0,-26.384027004241943,70.65027236938477,-1.1982097625732422,0.17485825717449188
1.0,274.0,186.0,-18.231597900390625,62.22951030731201,-1.706501066684723,0.05967918038368225
0.0,274.0,186.0,-35.52591896057129,73.1959280371666,-5.28963565826416,0.03329185023903847
0.0,274.0,186.0,-24.01648449897766,70.53207015991211,-2.150357246398926,0.04375500977039337
1.0,330.0,186.0,14.390525341033936,-46.060314297676086,35.11712604761124,0.48782801628112793
1.0,334.0,186.0,16.09411382675171,-50.91074466705322,34.92621713876724,0.6974632740020752
1.0,338.0,186.0,17.221734523773193,-58.31947612762451,35.06727522611618,0.7628400325775146
1.0,342.0,186.0,20.277357310056686,-65.30539321899414,35.36956650018692,0.6601507663726807
1.0,346.0,186.0,22.363609313964844,-70.56138610839844,35.433245062828064,0.5732110142707825
1.0,350.0,186.0,24.73399829864502,-76.89281749725342,36.351479172706604,0.5826646685600281
1.0,354.0,186.0,26.179829120635986,-83.26142024993896,36.75793029367924,0.5412828922271729
1.0,358.0,186.0,28.217135429382324,-88.72227144241333,36.84102790802717,0.44813305139541626
1.0,362.0,186.0,30.691075325012207,-94.87649917602539,36.60633888840675,0.34708869457244873
1.0,366.0,186.0,32.34906081855297,-99.7473840713501,36.46419122815132,0.2220602035522461
1.0,370.0,186.0,33.54265511035919,-106.79492473602295,36.25326585769653,0.21779568493366241
1.0,374.0,186.0,36.222018241882324,-113.15982103347778,36.654536724090576,0.3785792291164398
1.0,378.0,186.0,37.7066593170166,-117.06628513336182,34.02692222595215,0.3345438838005066
1.0,382.0,186.0,34.95405411720276,-119.21576571464539,28.870358109474182,0.09014198184013367
1.0,238.0,190.0,-49.25044298171997,108.27525234222412,13.450983047485352,0.15533298254013062
1.0,242.0,190.0,-46.90813225507736,105.17267036437988,15.39608383178711,0.5094723105430603
1.0,246.0,190.0,-43.02620840072632,98.43227005004883,16.971481323242188,0.8065958619117737
1.0,250.0,190.0,-41.48183536529541,91.17572784423828,14.985600471496582,0.5202632546424866
1.0,250.0,190.0,-40.5607967376709,90.3965802192688,13.470659732818604,0.37745749950408936
1.0,254.0,190.0,-39.8113899230957,83.92593574523926,11.37769889831543,0.6977774500846863
1.0,258.0,190.0,-40.59598255157471,78.20254802703857,9.391018867492676,0.792930006980896
1.0,262.0,190.0,-40.63559436798096,72.90205717086792,6.207043647766113,0.7158544063568115
1.0,266.0,190.0,-39.914916038513184,71.01982307434082,1.1190218925476074,0.3928548991680145
1.0,270.0,190.0,-39.916263580322266,70.78613495826721,-4.726433753967285,0.30406129360198975
1.0,330.0,190.0,8.049171447753906,-48.03436231613159,35.211777836084366,0.46599486470222473
1.0,334.0,190.0,9.469329833984375,-53.225069522857666,35.15864109992981,0.6935746669769287
1.0,338.0,190.0,12.891530513763428,-59.877623558044434,34.84446841478348,0.6846449375152588
1.0,342.0,190.0,15.179887771606445,-65.99825644493103,34.85403084754944,0.4045114517211914
1.0,342.0,190.0,16.67558765411377,-65.47224426269531,35.591480769217014,0.2840903103351593
1.0,346.0,190.0,14.940446853637695,-72.22188091278076,35.62226883415133,0.22156251966953278
1.0,346.0,190.0,17.21473217010498,-72.96774578094482,35.78390300273895,0.39930275082588196
1.0,350.0,190.0,19.004725456237793,-78.65674448013306,36.59132835268974,0.6161834597587585
1.0,354.0,190.0,21.135034561157227,-85.42835938930511,36.85961350053549,0.5886406898498535
1.0,358.0,190.0,22.469264030456543,-91.10314798355103,36.85868466645479,0.4426676332950592
1.0,362.0,190.0,24.894673824310303,-96.91273498535156,36.55030542612076,0.3346939980983734
1.0,366.0,190.0,26.32612419128418,-101.5602445602417,36.37423402070999,0.20637528598308563
1.0,370.0,190.0,28.063067197799683,-108.88864517211914,36.21174478530884,0.33597812056541443
1.0,374.0,190.0,30.13558566570282,-115.85108232498169,35.36204957962036,0.43137553334236145
1.0,378.0,190.0,30.013548374176025,-119.4498153924942,31.56038534641266,0.24892468750476837
1.0,242.0,194.0,-52.926146507263184,102.67479705810547,16.19870615005493,0.4101184904575348
1.0,246.0,194.0,-49.62556743621826,95.69247436523438,17.270670890808105,0.662886381149292
1.0,250.0,194.0,-47.688833475112915,89.44371318817139,13.91291618347168,0.9129917621612549
1.0,254.0,194.0,-46.442415714263916,83.52586936950684,11.07114028930664,0.9446730613708496
1.0,258.0,194.0,-47.192896366119385,77.28528594970703,7.446868658065796,0.7349812984466553
1.0,262.0,194.0,-45.997400760650635,72.52503049373627,3.6760624647140503,0.433061808347702
1.0,266.0,194.0,-44.47975158691406,71.22810959815979,-1.7962884902954102,0.28133776783943176
1.0,270.0,194.0,-43.9456844329834,70.55841398239136,-6.759149551391602,0.12733353674411774
1.0,330.0,194.0,3.3183822631835938,-49.57249474525452,34.4195419549942,0.25622275471687317
1.0,334.0,194.0,4.153209686279297,-53.53934669494629,34.57969880104065,0.3148566782474518
1.0,334.0,194.0,3.7173938751220703,-54.27689075469971,35.21428048610687,0.29243209958076477
1.0,338.0,194.0,5.586197853088379,-60.93836498260498,34.586575865745544,0.7009077072143555
1.0,342.0,194.0,8.189294815063477,-68.05130934715271,34.85268795490265,0.732329785823822
1.0,346.0,194.0,10.038768768310547,-74.11155700683594,35.66433985158801,0.6393909454345703
1.0,350.0,194.0,12.828161239624023,-80.99402952194214,36.9635887183249,0.4714941680431366
1.0,354.0,194.0,14.598588943481445,-86.33178640902042,37.008083157241344,0.5963738560676575
1.0,358.0,194.0,15.943666458129883,-92.85305213928223,36.83440434187651,0.48530569672584534
1.0,362.0,194.0,18.663780212402344,-98.93246555328369,36.45466837286949,0.3880468010902405
1.0,366.0,194.0,21.12033176422119,-103.02176094055176,36.26069396734238,0.12649443745613098
1.0,366.0,194.0,20.684341430664062,-103.93013000488281,35.81391906738281,0.23492078483104706
1.0,370.0,194.0,22.990145683288574,-110.72125339508057,35.71412801742554,0.46686089038848877
1.0,374.0,194.0,24.005205631256104,-118.0093150138855,35.28629970550537,0.45007264614105225
1.0,378.0,194.0,23.13280487060547,-120.88197663426399,30.612154066562653,0.249166801571846
1.0,238.0,198.0,-62.717342376708984,106.30022048950195,12.70417833328247,0.08543285727500916
1.0,242.0,198.0,-60.31814956665039,101.64858722686768,15.897480010986328,0.2758519947528839
1.0,246.0,198.0,-55.543301820755005,93.76185035705566,17.475167274475098,0.26090237498283386
1.0,246.0,198.0,-57.136351585388184,94.91150283813477,16.934597969055176,0.30027157068252563
1.0,250.0,198.0,-55.531914472579956,89.02800846099854,12.946051120758057,0.7826147079467773
1.0,254.0,198.0,-54.49212455749512,82.92447185516357,7.600151300430298,0.7437489032745361
1.0,258.0,198.0,-54.56117105484009,78.32818412780762,4.527605831623077,0.43563026189804077
1.0,262.0,198.0,-52.28188627958298,74.59907448291779,2.4554998874664307,0.21502679586410522
1.0,266.0,198.0,-48.995940923690796,71.50724482536316,-2.3638596534729004,0.13728603720664978
1.0,330.0,198.0,-2.5306081771850586,-49.03376293182373,34.53053283691406,0.22872653603553772
1.0,334.0,198.0,-0.8714017868041992,-54.594831466674805,35.372619062662125,0.5228917598724365
1.0,338.0,198.0,-1.0673189163208008,-62.94162321090698,34.88371139764786,0.6591335535049438
1.0,342.0,198.0,0.861931324005127,-69.08792197704315,35.058518052101135,0.7574467062950134
1.0,346.0,198.0,3.001004219055176,-76.09470081329346,35.58740630373359,0.7133070230484009
1.0,350.0,198.0,5.851285934448242,-81.9324951171875,36.44502782821655,0.63800048828125
1.0,354.0,198.0,7.929274559020996,-87.4937629699707,37.35274660587311,0.26584935188293457
1.0,354.0,198.0,9.152494430541992,-88.21759700775146,36.743552297353745,0.21290859580039978
1.0,354.0,198.0,7.000907897949219,-89.09660053253174,36.104777812957764,0.1452234536409378
1.0,358.0,198.0,10.059175491333008,-93.92776441574097,36.55557191371918,0.2873101532459259
1.0,358.0,198.0,8.808187484741211,-94.41539716720581,35.95679998397827,0.19990718364715576
1.0,362.0,198.0,11.777605056762695,-99.75625610351562,36.28028208017349,0.3351808488368988
1.0,366.0,198.0,12.964033126831055,-104.86064529418945,35.972562313079834,0.42169398069381714
1.0,370.0,198.0,17.363304138183594,-113.59310245513916,35.47893047332764,0.6057620644569397
1.0,374.0,198.0,18.41847038269043,-119.66068470478058,34.0258469581604,0.5114999413490295
1.0,378.0,198.0,17.504196166992188,-121.29682862758636,28.92591691017151,0.22383375465869904
1.0,242.0,202.0,-67.21118545532227,100.38186979293823,13.400679588317871,0.10740474611520767
1.0,246.0,202.0,-68.59985637664795,97.0835313796997,10.978682518005371,0.21923784911632538
1.0,250.0,202.0,-62.03640937805176,87.99617958068848,8.613821029663086,0.40535297989845276
1.0,254.0,202.0,-61.0712308883667,84.0507869720459,4.25420880317688,0.3830412030220032
1.0,258.0,202.0,-60.55884647369385,80.83458089828491,2.0163159370422363,0.23215872049331665
1.0,262.0,202.0,-59.536768436431885,77.42922306060791,0.11865520477294922,0.14309687912464142
1.0,330.0,202.0,-8.8170166015625,-51.02650451660156,34.084609031677246,0.10059807449579239
1.0,334.0,202.0,-8.517372608184814,-56.547635078430176,35.42983387410641,0.35141581296920776
1.0,338.0,202.0,-7.913895845413208,-63.85404014587402,35.01220351457596,0.662253737449646
1.0,342.0,202.0,-6.310679912567139,-71.27269911766052,35.21463805437088,0.6928791999816895
1.0,346.0,202.0,-3.2436620593070984,-77.4446849822998,36.038270354270935,0.6525581479072571
1.0,350.0,202.0,-0.6063535213470459,-83.5984058380127,36.34844380617142,0.5006374716758728
1.0,354.0,202.0,1.6890850067138672,-89.4799451828003,36.2593469619751,0.4453125
1.0,358.0,202.0,2.963315963745117,-95.38819742202759,36.2452597618103,0.47650477290153503
1.0,362.0,202.0,5.357170104980469,-102.78569054603577,35.8810601234436,0.5660571455955505
1.0,366.0,202.0,7.556406021118164,-106.81501865386963,36.947372913360596,0.4410970211029053
1.0,370.0,202.0,10.304672241210938,-115.99038887023926,36.621750831604004,0.26530182361602783
1.0,370.0,202.0,12.248638153076172,-116.35817193984985,35.50868225097656,0.40632328391075134
1.0,374.0,202.0,10.185080528259277,-120.32688570022583,30.97537899017334,0.3628099262714386
1.0,374.0,202.0,13.522699356079102,-120.52482660114765,32.70078897476196,0.2551248371601105
1.0,378.0,202.0,7.355032920837402,-121.22622919082642,19.191904187202454,0.27640005946159363
1.0,242.0,206.0,-71.63125944137573,99.14314556121826,7.149510383605957,0.12292619794607162
1.0,246.0,206.0,-71.74841356277466,95.51232624053955,6.4837565422058105,0.19936317205429077
1.0,250.0,206.0,-72.48022365570068,92.3675479888916,3.22544527053833,0.19663766026496887
1.0,254.0,206.0,-66.9181022644043,85.81333351135254,3.05843448638916,0.1444091796875
1.0,258.0,206.0,-66.75803279876709,83.39029788970947,0.6246566772460938,0.12067381292581558
1.0,334.0,206.0,-16.382365226745605,-59.03429126739502,33.77608013153076,0.05459032207727432
1.0,334.0,206.0,-16.853363513946533,-57.129326820373535,30.647733688354492,0.061284780502319336
1.0,338.0,206.0,-14.560652732849121,-65.18456625938416,34.11661338806152,0.42999687790870667
1.0,342.0,206.0,-11.9182710647583,-72.51094150543213,35.352207869291306,0.61468505859375
1.0,346.0,206.0,-8.86737585067749,-79.19761180877686,35.97838893532753,0.5574595332145691
1.0,350.0,206.0,-6.000780940055847,-85.65965843200684,35.80387915670872,0.20638808608055115
1.0,350.0,206.0,-7.589687347412109,-84.99531745910645,36.34318256378174,0.3410561680793762
1.0,354.0,206.0,-4.327722549438477,-91.23914289474487,36.482868909835815,0.4536864757537842
1.0,358.0,206.0,-3.233755111694336,-97.48438656330109,36.499645948410034,0.4496455788612366
1.0,362.0,206.0,-1.4131641387939453,-103.63772869110107,36.684298276901245,0.5642209649085999
1.0,366.0,206.0,1.818084716796875,-108.73812294006348,37.475810050964355,0.5012157559394836
1.0,370.0,206.0,5.178467750549316,-118.09623575210571,37.65716361999512,0.6494710445404053
1.0,374.0,206.0,4.091047286987305,-121.93219113349915,30.470590591430664,0.5572115182876587
1.0,378.0,206.0,1.8449883460998535,-121.77116107940674,16.42021083831787,0.10993260145187378
0.0,234.0,210.0,-75.24411821365356,104.59438705444336,1.2427773475646973,0.10399484634399414
0.0,238.0,210.0,-75.66755795478821,101.58176040649414,1.2642806768417358,0.24642939865589142
1.0,242.0,210.0,-75.25453686714172,98.68436336517334,2.4920034408569336,0.24152885377407074
1.0,246.0,210.0,-74.61250686645508,95.06025791168213,3.68188214302063,0.20903180539608002
1.0,250.0,210.0,-75.14835119247437,91.2724781036377,2.6897294521331787,0.17037521302700043
1.0,254.0,210.0,-76.26948118209839,89.79645538330078,1.013466715812683,0.08688512444496155
1.0,342.0,210.0,-18.97145175933838,-72.07563304901123,32.31273698806763,0.3842811584472656
1.0,346.0,210.0,-15.096639633178711,-79.76572704315186,33.94213032722473,0.3716965317726135
1.0,346.0,210.0,-16.668625116348267,-80.79414749145508,33.44646255671978,0.1964893937110901
1.0,350.0,210.0,-14.293219864368439,-86.12593936920166,35.64224410057068,0.4773208498954773
1.0,354.0,210.0,-10.888055324554443,-92.3291392326355,36.11152100563049,0.43276795744895935
1.0,358.0,210.0,-9.155286312103271,-99.24594656378031,36.39841890335083,0.4081660509109497
1.0,362.0,210.0,-7.836452007293701,-106.74610376358032,36.07188391685486,0.43677982687950134
1.0,366.0,210.0,-5.666323661804199,-111.07052326202393,37.05277991294861,0.4477200210094452
1.0,370.0,210.0,-1.1991782188415527,-120.38193988800049,36.736634254455566,0.5487548112869263
1.0,374.0,210.0,-2.4479814171791077,-122.3437135219574,29.90806293487549,0.29067254066467285
0.0,238.0,214.0,-76.37147200107574,99.93512916564941,1.7396200895309448,0.10928459465503693
0.0,242.0,214.0,-77.31552696228027,97.49999904632568,1.7195531129837036,0.13218456506729126
1.0,246.0,214.0,-77.5959809422493,94.12116241455078,2.1367082595825195,0.10361292213201523
1.0,346.0,214.0,-22.228804111480713,-80.45626831054688,29.194733142852783,0.0714980959892273
1.0,350.0,214.0,-20.29978895187378,-86.46616554260254,31.14183783531189,0.2711638808250427
1.0,354.0,214.0,-16.954145908355713,-92.82900428771973,32.43216270208359,0.30083492398262024
1.0,358.0,214.0,-15.761439204216003,-100.07052737474442,32.84445083141327,0.24962374567985535
1.0,362.0,214.0,-13.522200465202332,-108.01136302947998,33.91693890094757,0.29299649596214294
1.0,366.0,214.0,-11.673905372619629,-112.77531814575195,34.71152448654175,0.3462345600128174
1.0,370.0,214.0,-8.49269437789917,-121.27529549598694,32.9414119720459,0.26873669028282166
1.0,362.0,218.0,-18.014127016067505,-107.78496646881104,29.844008445739746,0.10056260228157043
