inlier,x,y,X,Y,Z,conf
1.0,330.0,194.0,78.7706278860569,88.87592649459839,-5.200861930847168,0.12237673252820969
1.0,334.0,194.0,78.54909986257553,91.3511654138565,-10.34201955795288,0.11801727861166
1.0,338.0,194.0,78.08422589302063,93.41748595237732,-13.581981658935547,0.122224822640419
1.0,342.0,194.0,75.40646743774414,96.4142541885376,-22.164124965667725,0.13896986842155457
1.0,342.0,194.0,77.48197770118713,97.4395112991333,-15.365943908691406,0.14776499569416046
1.0,346.0,194.0,73.25455284118652,102.25872993469238,-23.034889578819275,0.19170524179935455
1.0,350.0,194.0,73.84031987190247,113.58249139785767,-12.984095314635852,0.11173753440380096
1.0,350.0,194.0,72.58158779144287,107.40622138977051,-23.36592298746109,0.09000764787197113
1.0,354.0,194.0,74.8081305027008,114.75207185745239,-13.090446213378527,0.18735606968402863
1.0,322.0,198.0,73.62795048952103,74.51852893829346,-5.993435859680176,0.1497747153043747
1.0,326.0,198.0,76.77074790000916,81.70629978179932,-6.484750270843506,0.18442459404468536
1.0,330.0,198.0,76.52364659309387,84.68640422821045,-9.784449577331543,0.384284645318985
1.0,334.0,198.0,74.39587306976318,86.06627184152603,-19.48509931564331,0.3404499292373657
1.0,334.0,198.0,76.59522700309753,87.75130796432495,-11.625929355621338,0.3042549788951874
1.0,338.0,198.0,73.08893775939941,89.801589012146,-22.17872190475464,0.5923998355865479
1.0,342.0,198.0,71.55280494689941,93.55501794815063,-23.85118216276169,0.7433645129203796
1.0,346.0,198.0,68.98272323608398,99.42221450805664,-24.791372776031494,0.7885401844978333
1.0,350.0,198.0,67.6766710281372,104.06611442565918,-24.708188861608505,0.6114289164543152
1.0,354.0,198.0,68.60740756988525,109.20183563232422,-23.33220684528351,0.2653692662715912
1.0,354.0,198.0,63.694228172302246,115.49254655838013,-19.19614315032959,0.22130563855171204
0.0,358.0,198.0,72.32541036605835,115.36356544494629,-14.025549629821398,0.13422393798828125
1.0,322.0,202.0,71.4985191822052,70.64442896842957,-7.6428022384643555,0.3687620162963867
1.0,326.0,202.0,72.24456217885017,73.32899856567383,-10.406951904296875,0.43032893538475037
1.0,330.0,202.0,71.55010175704956,80.74264001846313,-15.652891159057617,0.6085842251777649
1.0,334.0,202.0,70.3102970123291,83.90283155441284,-18.727936267852783,0.8072029948234558
1.0,338.0,202.0,68.03972625732422,87.21496529877186,-22.019835948944092,0.8771841526031494
1.0,342.0,202.0,65.46661496162415,91.06475019454956,-24.67112883925438,0.8867493271827698
1.0,346.0,202.0,62.97137290239334,97.68821334838867,-25.953068256378174,0.8536204695701599
1.0,350.0,202.0,62.729622185230255,103.40231513977051,-25.85599648952484,0.7610837817192078
1.0,354.0,202.0,63.98744320869446,107.9361801147461,-24.882205426692963,0.38179314136505127
1.0,354.0,202.0,59.6037540435791,115.39926528930664,-18.062927722930908,0.316782146692276
1.0,358.0,202.0,67.71294689178467,111.96301078796387,-22.856122374534607,0.08309252560138702
1.0,358.0,202.0,61.6500301361084,116.40984869003296,-18.42717456817627,0.1642690747976303
1.0,318.0,206.0,66.62921285629272,65.13029074668884,-3.9693126678466797,0.39274030923843384
1.0,322.0,206.0,67.19492387771606,67.06859640334733,-8.3015775680542,0.7766313552856445
1.0,326.0,206.0,68.10637760162354,70.94979238510132,-12.281062126159668,0.5692406296730042
1.0,330.0,206.0,66.18446016311646,78.52141666412354,-14.581734657287598,0.8765340447425842
1.0,334.0,206.0,65.172611951828,82.07460260391235,-18.110076427459717,0.9273385405540466
1.0,338.0,206.0,63.17990553379059,86.28919023275375,-21.71631407737732,0.9347528219223022
1.0,342.0,206.0,60.95938777923584,89.81958079338074,-24.29521660786122,0.9311522841453552
1.0,346.0,206.0,58.00553798675537,95.91081428527832,-26.27114987373352,0.8997200131416321
1.0,350.0,206.0,57.211331844329834,102.06487560272217,-25.990463852882385,0.7969661951065063
1.0,354.0,206.0,58.70027160644531,106.94030380249023,-25.642861247062683,0.41916996240615845
1.0,354.0,206.0,54.902729988098145,112.41400337219238,-20.19595241546631,0.40628549456596375
1.0,358.0,206.0,55.86767244338989,115.39009046554565,-17.985031127929688,0.44068479537963867
1.0,362.0,206.0,57.94555473327637,117.30004215240479,-16.565281867980957,0.09499054402112961
1.0,318.0,210.0,62.821871757507324,62.11030387878418,-4.574671745300293,0.6116986870765686
1.0,322.0,210.0,63.3289909362793,64.52846169471741,-10.660183906555176,0.785354495048523
1.0,326.0,210.0,63.14237502217293,69.72444725036621,-11.903497695922852,0.30918586254119873
1.0,326.0,210.0,63.36403942108154,68.89687275886536,-14.4417142868042,0.5523926615715027
1.0,330.0,210.0,61.24903345108032,76.42089080810547,-14.265349388122559,0.9071842432022095
1.0,334.0,210.0,59.97435545921326,80.90028238296509,-17.740087509155273,0.9364519715309143
1.0,338.0,210.0,57.8792200088501,85.36283111572266,-21.11533498764038,0.9165549278259277
1.0,342.0,210.0,56.67619800567627,89.8151204586029,-24.278371216962114,0.9042670130729675
1.0,346.0,210.0,54.993178367614746,93.89542007446289,-25.883973240852356,0.8496344089508057
1.0,350.0,210.0,53.07311153411865,99.79534149169922,-25.543787598609924,0.7770654559135437
1.0,354.0,210.0,54.329129219055176,104.3880615234375,-25.13604301214218,0.4927513599395752
1.0,354.0,210.0,52.47534942626953,110.28177738189697,-21.766273498535156,0.33974510431289673
1.0,358.0,210.0,50.58906292915344,114.18493795394897,-19.125757217407227,0.6148319244384766
1.0,362.0,210.0,52.67597579956055,118.47410559654236,-15.003204345703125,0.12392204999923706
1.0,314.0,214.0,61.603363037109375,61.9103798866272,2.1572426557540894,0.083452008664608
1.0,314.0,214.0,58.48566150665283,62.03221261501312,4.10966682434082,0.09507732838392258
1.0,318.0,214.0,58.679311752319336,60.98036575317383,-3.185594081878662,0.4643833637237549
1.0,322.0,214.0,58.38880920410156,63.11190319061279,-10.505715370178223,0.5735018849372864
1.0,326.0,214.0,57.60209083557129,66.46748542785645,-13.07315731048584,0.23883502185344696
1.0,326.0,214.0,60.12081027030945,67.45676612854004,-11.431117057800293,0.2878601551055908
1.0,326.0,214.0,58.89576244354248,68.84513700008392,-16.595194816589355,0.2184932380914688
1.0,326.0,214.0,55.9393253326416,69.18358421325684,-12.299625396728516,0.16081452369689941
1.0,330.0,214.0,56.94327211380005,73.38561725616455,-13.356437683105469,0.5811704993247986
1.0,330.0,214.0,55.85065841674805,73.76068449020386,-14.387792348861694,0.33359494805336
1.0,334.0,214.0,53.985713958740234,78.88989639282227,-17.565093994140625,0.5118522047996521
1.0,334.0,214.0,53.451053619384766,79.76060505956411,-17.584215819835663,0.43771854043006897
1.0,338.0,214.0,52.53921031951904,83.76360368728638,-20.786664962768555,0.5245622396469116
1.0,338.0,214.0,50.989118576049805,84.18782615661621,-20.36626625061035,0.41183215379714966
1.0,342.0,214.0,51.80342960357666,88.70490384101868,-23.70692938566208,0.6306104063987732
1.0,346.0,214.0,50.4195442199707,93.54049396514893,-26.36395812034607,0.6381526589393616
1.0,350.0,214.0,49.23017978668213,97.57798290252686,-25.352097392082214,0.5734097361564636
1.0,354.0,214.0,45.27590751647949,105.27010869979858,-25.270232915878296,0.3343689441680908
1.0,354.0,214.0,49.4323673248291,102.62292957305908,-24.94612228870392,0.36530083417892456
1.0,354.0,214.0,48.859831757843494,109.28469467163086,-22.282014846801758,0.19267834722995758
1.0,358.0,214.0,45.99394345283508,111.94226837158203,-21.475522994995117,0.5482162833213806
1.0,362.0,214.0,47.78226053714752,116.81200456619263,-17.34938097000122,0.31873753666877747
1.0,314.0,218.0,52.797800064086914,59.748881816864014,3.4856033325195312,0.24724194407463074
1.0,318.0,218.0,53.39999580383301,60.02298402786255,-3.666133403778076,0.5358039140701294
1.0,322.0,218.0,53.63657093048096,62.5565185546875,-8.088902711868286,0.8454035520553589
1.0,326.0,218.0,52.87382888793945,65.86421489715576,-13.056650638580322,0.6699283123016357
1.0,330.0,218.0,52.90366077423096,70.92330169677734,-14.530081272125244,0.8403284549713135
1.0,334.0,218.0,49.98377799987793,78.51066529750824,-17.373752668499947,0.9029576778411865
1.0,338.0,218.0,48.50685119628906,82.7751715183258,-19.8992018699646,0.8697997331619263
1.0,342.0,218.0,46.88137722015381,85.91248512268066,-22.837459564208984,0.796405017375946
1.0,346.0,218.0,44.080445289611816,90.51434993743896,-24.81885862350464,0.6819057464599609
1.0,350.0,218.0,41.22310256958008,99.11545848846436,-24.938741743564606,0.33187368512153625
1.0,350.0,218.0,43.30397033691406,94.67291259765625,-25.98398494720459,0.3641066253185272
1.0,354.0,218.0,41.47068214416504,103.1178388595581,-25.427897930145264,0.7635728120803833
1.0,358.0,218.0,40.415799140930176,108.8606858253479,-24.011136263608932,0.7686058878898621
1.0,362.0,218.0,37.8347225189209,115.68946313858032,-20.280312538146973,0.24908998608589172
1.0,362.0,218.0,40.25711631774902,115.9738712310791,-18.3837308883667,0.28152093291282654
0.0,366.0,218.0,43.463361740112305,119.75252342224121,-14.782936573028564,0.09290070831775665
1.0,310.0,222.0,48.749267578125,54.61535406112671,1.3951177597045898,0.12471532821655273
0.0,310.0,222.0,48.45044894516468,58.35054969787598,5.74735689163208,0.12485766410827637
1.0,314.0,222.0,48.049057483673096,56.27571964263916,0.015626907348632812,0.5915677547454834
1.0,318.0,222.0,49.13064432144165,58.126230239868164,-3.5459957122802734,0.8543805480003357
1.0,322.0,222.0,48.896620750427246,62.38123035430908,-9.520240485668182,0.9273650050163269
1.0,326.0,222.0,48.714791774749756,65.98654556274414,-12.642277717590332,0.8145642280578613
1.0,330.0,222.0,47.190443992614746,70.0223274230957,-14.665143489837646,0.8042969107627869
1.0,334.0,222.0,45.17338466644287,76.90022110939026,-17.177424043416977,0.9256053566932678
1.0,338.0,222.0,43.685755252838135,81.13080143928528,-19.07728600502014,0.8965761065483093
1.0,342.0,222.0,41.70620584487915,84.79751205444336,-22.129363536834717,0.8586029410362244
1.0,346.0,222.0,38.85070392489433,89.01401138305664,-24.79568338394165,0.7473222017288208
1.0,350.0,222.0,38.24235859513283,92.54039764404297,-25.8990535736084,0.5356957912445068
1.0,354.0,222.0,35.84712028503418,100.76401901245117,-25.31907856464386,0.736178994178772
1.0,358.0,222.0,34.06629657745361,107.66329908370972,-24.672980308532715,0.8210393190383911
1.0,362.0,222.0,32.46575927734375,114.97344493865967,-20.02362060546875,0.5640326142311096
1.0,366.0,222.0,29.358034133911133,120.34845638275146,-16.626893520355225,0.0697837620973587
1.0,366.0,222.0,35.55136013031006,120.2055172920227,-13.699084043502808,0.09161248058080673
1.0,286.0,226.0,53.23483707755804,8.36806583404541,-0.6044597625732422,0.13482797145843506
1.0,290.0,226.0,53.69695422053337,12.097010612487793,-0.5229828357696533,0.20260418951511383
1.0,294.0,226.0,53.55166643857956,17.799896240234375,-1.0406484603881836,0.0912974402308464
1.0,294.0,226.0,50.266894578933716,19.14344882965088,0.49863481521606445,0.17865318059921265
1.0,298.0,226.0,48.6381721496582,25.34218394756317,0.4303750991821289,0.2060895413160324
1.0,302.0,226.0,46.75792348384857,31.14227867126465,0.10973930358886719,0.2619202435016632
1.0,306.0,226.0,45.84735655784607,46.158268451690674,-0.7442245483398438,0.2964237332344055
1.0,306.0,226.0,44.023706912994385,36.28395652770996,-0.25723838806152344,0.19677144289016724
1.0,310.0,226.0,45.954097270965576,47.40719032287598,-1.5007495880126953,0.6436188817024231
1.0,314.0,226.0,45.94009494781494,51.69046425819397,-3.5291242599487305,0.8499561548233032
1.0,318.0,226.0,45.34099531173706,55.69826555252075,-6.996882200241089,0.9113898277282715
1.0,322.0,226.0,44.52667236328125,60.0218505859375,-11.117425799369812,0.9253984689712524
1.0,326.0,226.0,43.340840458869934,63.77604007720947,-13.381423711776733,0.8871968984603882
1.0,330.0,226.0,41.220738887786865,68.67511653900146,-14.998183488845825,0.7375250458717346
1.0,334.0,226.0,39.062759816646576,75.05574035644531,-16.0276540517807,0.9217749834060669
1.0,338.0,226.0,37.56357741355896,79.84960114955902,-17.77005422115326,0.8935820460319519
1.0,342.0,226.0,36.1965868473053,84.2046332359314,-20.86434006690979,0.8225162625312805
1.0,346.0,226.0,33.57572317123413,88.20754432678223,-24.083801746368408,0.7129724621772766
1.0,350.0,226.0,32.59700870513916,91.81796264648438,-25.709548950195312,0.48981720209121704
1.0,354.0,226.0,29.93801259994507,98.28435230255127,-25.295331239700317,0.6499890089035034
1.0,358.0,226.0,27.989367485046387,105.48843479156494,-24.51389741897583,0.7334359288215637
1.0,362.0,226.0,26.73215627670288,113.05835556983948,-21.262351512908936,0.6729331612586975
1.0,366.0,226.0,23.643131256103516,118.3284649848938,-16.47187852859497,0.19781476259231567
0.0,370.0,226.0,38.38265609741211,122.6471896469593,-9.172588884830475,0.10115896910429001
0.0,374.0,226.0,42.73703145980835,120.88850581645966,-7.1699676513671875,0.051705967634916306
1.0,282.0,230.0,53.293924797326326,0.09367930889129639,-2.1308088302612305,0.4323631525039673
1.0,286.0,230.0,53.29480189085007,4.653209686279297,-3.5731101632118225,0.7388797402381897
1.0,290.0,230.0,52.94643694162369,9.505908966064453,-5.381422162055969,0.7790821194648743
1.0,294.0,230.0,51.06972551345825,14.99121379852295,-7.169685125350952,0.7134817838668823
1.0,298.0,230.0,48.51207113265991,21.272356033325195,-8.300081014633179,0.32430368661880493
1.0,298.0,230.0,48.741769909858704,20.998619556427002,-7.221931457519531,0.37852874398231506
1.0,302.0,230.0,46.95435190200806,26.500420212745667,-7.886452674865723,0.48438623547554016
1.0,306.0,230.0,43.22564423084259,36.46165657043457,-8.488040685653687,0.23582713305950165
1.0,306.0,230.0,45.147915840148926,31.14488172531128,-7.639034271240234,0.3527933359146118
1.0,310.0,230.0,42.55509039759636,39.295193672180176,-8.989035725593567,0.7143149375915527
1.0,314.0,230.0,42.06764221191406,44.19047546386719,-10.322556659579277,0.8873756527900696
1.0,318.0,230.0,40.19927978515625,50.90872383117676,-11.582901358604431,0.9276242852210999
1.0,322.0,230.0,38.77668309211731,55.79583978652954,-13.139385223388672,0.9256107807159424
1.0,326.0,230.0,37.3436975479126,60.92582988739014,-14.294539451599121,0.9244430065155029
1.0,330.0,230.0,35.90808820724487,66.56282711029053,-15.279285907745361,0.4558122754096985
1.0,330.0,230.0,35.51060891151428,66.32223987579346,-15.2720308303833,0.49244794249534607
1.0,334.0,230.0,33.41569519042969,72.47671747207642,-14.990047454833984,0.888719916343689
1.0,338.0,230.0,31.739161014556885,78.78319656848907,-16.752189695835114,0.8220812678337097
1.0,342.0,230.0,30.002890586853027,83.38947415351868,-19.2119859457016,0.7351526021957397
1.0,346.0,230.0,28.41848659515381,87.11957359313965,-22.536968231201172,0.6496006846427917
1.0,350.0,230.0,24.70384979248047,92.8236198425293,-23.911722749471664,0.20867931842803955
1.0,350.0,230.0,27.931509971618652,90.80869388580322,-24.868736267089844,0.37909412384033203
1.0,354.0,230.0,24.94514712691307,96.67585945129395,-24.9923956990242,0.6382884979248047
1.0,358.0,230.0,22.3427414894104,102.63151264190674,-25.300191044807434,0.721998929977417
1.0,362.0,230.0,20.245930194854736,109.71772539615631,-23.243258595466614,0.7159211039543152
1.0,366.0,230.0,18.21421527862549,117.25764799118042,-17.434406280517578,0.3824591636657715
0.0,370.0,230.0,16.348831176757812,117.56655883789062,-13.855191230773926,0.05224960669875145
0.0,370.0,230.0,3.4860100746154785,119.79197406768799,-5.08279550075531,0.09313488006591797
0.0,370.0,230.0,33.17525863647461,122.7498192191124,-9.370855629444122,0.051886722445487976
0.0,374.0,230.0,-3.9047629833221436,121.17153692245483,-2.7597066164016724,0.04610636457800865
0.0,374.0,230.0,38.92074012756348,121.94788184762001,-6.934696197509766,0.029914071783423424
1.0,214.0,234.0,71.95844972133636,-87.9281759262085,-13.184106349945068,0.1732366681098938
1.0,218.0,234.0,71.66252934932709,-82.76419830322266,-14.46513056755066,0.15436330437660217
1.0,222.0,234.0,69.3547043800354,-77.2970449924469,6.261945724487305,0.05288080498576164
1.0,222.0,234.0,71.54800391197205,-78.68546867370605,-15.758891820907593,0.09689392894506454
1.0,226.0,234.0,67.94373321533203,-68.07566738128662,-11.287773132324219,0.05245199054479599
1.0,226.0,234.0,68.00135612487793,-73.31269860267639,5.506805419921875,0.06053982302546501
1.0,226.0,234.0,71.00698029994965,-75.13907623291016,-18.329146564006805,0.04454384371638298
1.0,266.0,234.0,52.856196612119675,-16.69054412841797,-1.5764107704162598,0.09716490656137466
0.0,266.0,234.0,51.467034339904785,-26.096280097961426,-0.13730597496032715,0.06873458623886108
1.0,270.0,234.0,52.97329422831535,-14.163713455200195,-2.966424822807312,0.21217338740825653
1.0,274.0,234.0,52.66176998615265,-11.273731231689453,-4.370108366012573,0.33869481086730957
1.0,278.0,234.0,51.8627986907959,-6.6723222732543945,-6.0886077880859375,0.6151989698410034
1.0,282.0,234.0,51.461395621299744,-2.4619369506835938,-7.454345226287842,0.8496907353401184
1.0,286.0,234.0,51.051875829696655,2.3426458835601807,-8.847196578979492,0.8902559280395508
1.0,290.0,234.0,48.760910987854004,7.400461673736572,-11.15132761001587,0.8560101389884949
1.0,294.0,234.0,46.08153820037842,12.474089622497559,-12.460143089294434,0.7821681499481201
1.0,298.0,234.0,43.742319107055664,17.154900550842285,-13.446868896484375,0.33974534273147583
1.0,298.0,234.0,45.46274185180664,17.832975387573242,-12.679593086242676,0.460278183221817
1.0,302.0,234.0,44.49763488769531,23.586157977581024,-13.050853252410889,0.7539792060852051
1.0,306.0,234.0,42.665730476379395,29.14037275314331,-12.979275226593018,0.7890822887420654
1.0,310.0,234.0,40.29726600646973,33.202712059020996,-12.671175956726074,0.6776549220085144
1.0,314.0,234.0,38.562992572784424,40.573856353759766,-13.158085346221924,0.8001478910446167
1.0,318.0,234.0,36.38894701004028,46.49000787734985,-13.562854528427124,0.9223406314849854
1.0,322.0,234.0,33.63851070404053,52.89279758930206,-14.981927394866943,0.9174229502677917
1.0,326.0,234.0,31.683533668518066,58.3966760635376,-15.284464359283447,0.9103890061378479
1.0,330.0,234.0,29.70517349243164,64.57606983184814,-15.104701519012451,0.679074227809906
1.0,334.0,234.0,27.588449478149414,70.0352087020874,-15.571898579597473,0.5896198749542236
1.0,338.0,234.0,24.95333957672119,76.62460207939148,-15.307770848274231,0.4127494692802429
1.0,338.0,234.0,26.11744785308838,77.30032658576965,-15.768598437309265,0.35361042618751526
1.0,342.0,234.0,22.86232089996338,81.91988563537598,-17.255515545606613,0.5002608895301819
1.0,346.0,234.0,23.366299629211426,85.86239242553711,-20.20902943611145,0.4084596335887909
1.0,346.0,234.0,23.968945503234863,86.325918674469,-20.828115463256836,0.2953643500804901
1.0,350.0,234.0,20.721672534942627,88.77298069000244,-24.016010284423828,0.35632315278053284
1.0,350.0,234.0,23.60421848297119,89.66724491119385,-24.150879383087158,0.2185794711112976
1.0,354.0,234.0,19.262942790985107,95.44849300384521,-25.306567549705505,0.6313181519508362
1.0,358.0,234.0,17.190698623657227,100.03191947937012,-26.41737699508667,0.6655308604240417
1.0,362.0,234.0,14.064240455627441,106.9699821472168,-25.61928427219391,0.5595676898956299
1.0,366.0,234.0,12.869477272033691,115.33634948730469,-19.882541179656982,0.3304307162761688
1.0,366.0,234.0,11.0302095413208,115.04555892944336,-21.4447124004364,0.20776799321174622
1.0,370.0,234.0,12.788012504577637,116.71721935272217,-15.551637649536133,0.06888213753700256
0.0,370.0,234.0,3.3929553031921387,118.4726996421814,-8.118433833122253,0.10239183157682419
0.0,370.0,234.0,4.837962627410889,114.30723810195923,-19.59540605545044,0.08538343012332916
1.0,210.0,238.0,71.78491652011871,-95.61250039935112,-16.422085642814636,0.2083689421415329
1.0,214.0,238.0,70.76572942733765,-91.3971619606018,-19.110175132751465,0.489734023809433
1.0,218.0,238.0,69.9105315208435,-87.43701267242432,-21.12419629096985,0.4903760850429535
1.0,222.0,238.0,69.55738878250122,-82.67674255371094,-23.25495147705078,0.2327851951122284
1.0,222.0,238.0,67.62487983703613,-83.37071704864502,-30.61342716217041,0.41273754835128784
1.0,226.0,238.0,65.10667514801025,-78.64213180541992,-30.365350246429443,0.41246071457862854
1.0,230.0,238.0,62.777124881744385,-66.60797023773193,-19.31505584716797,0.1629597693681717
1.0,230.0,238.0,61.95438838005066,-74.61556959152222,-30.170217514038086,0.1263599544763565
1.0,234.0,238.0,62.56198453903198,-63.05690383911133,-18.612422466278076,0.21774674952030182
1.0,238.0,238.0,62.39755845069885,-59.96873688697815,-17.388678073883057,0.2296348363161087
1.0,242.0,238.0,61.41628813743591,-57.24070279300213,-18.78206443786621,0.3224203288555145
1.0,246.0,238.0,59.9014230966568,-52.69398355484009,-20.97511315345764,0.31578347086906433
1.0,250.0,238.0,58.77897146344185,-48.04050254821777,-21.920160055160522,0.3100675046443939
1.0,254.0,238.0,58.379681289196014,-44.76274108886719,-22.3245906829834,0.26378563046455383
1.0,258.0,238.0,57.51401615142822,-42.02530574798584,-21.93704843521118,0.13719546794891357
1.0,258.0,238.0,56.62381064891815,-36.66917431354523,-11.078635573387146,0.08603488653898239
1.0,262.0,238.0,54.58689641952515,-31.80705976486206,-8.425459265708923,0.28239989280700684
1.0,266.0,238.0,50.25239562988281,-24.880244374275208,-8.000784873962402,0.19561736285686493
1.0,266.0,238.0,52.811026096343994,-26.949938774108887,-6.500000357627869,0.18388119339942932
1.0,270.0,238.0,50.558600187301636,-17.75596046447754,-7.367460012435913,0.2534382939338684
1.0,270.0,238.0,48.532755851745605,-19.430471420288086,-7.419405460357666,0.29208898544311523
1.0,274.0,238.0,49.58553099632263,-13.598265647888184,-9.547578811645508,0.49791884422302246
1.0,278.0,238.0,48.23321866989136,-8.925856590270996,-11.112782001495361,0.6579376459121704
1.0,282.0,238.0,46.74526643753052,-4.203098297119141,-12.533072471618652,0.7212271094322205
1.0,286.0,238.0,45.10432815551758,0.0852280855178833,-13.35589599609375,0.7286665439605713
1.0,290.0,238.0,42.62494945526123,4.353182554244995,-14.284647941589355,0.6932161450386047
1.0,294.0,238.0,40.388532638549805,9.3043212890625,-15.483061790466309,0.388689249753952
1.0,294.0,238.0,42.67276573181152,9.552963256835938,-13.67795729637146,0.3066757917404175
1.0,298.0,238.0,40.881553649902344,15.452770233154297,-14.892384767532349,0.7051475048065186
1.0,302.0,238.0,39.10611343383789,20.546374320983887,-15.564719796180725,0.7972222566604614
1.0,306.0,238.0,37.273786544799805,26.521270513534546,-15.172111511230469,0.8416188955307007
1.0,310.0,238.0,35.570186614990234,31.982946395874023,-14.705020189285278,0.9007954001426697
1.0,314.0,238.0,33.63395643234253,37.86532688140869,-14.933639764785767,0.7785439491271973
1.0,318.0,238.0,32.812554359436035,43.36379814147949,-16.05851697921753,0.5472193956375122
1.0,322.0,238.0,29.62466049194336,50.2405059337616,-17.06420373916626,0.5363366603851318
1.0,322.0,238.0,31.293821334838867,50.1950888633728,-15.711673498153687,0.3418683111667633
1.0,326.0,238.0,27.614253997802734,56.069098472595215,-16.87818717956543,0.4115234911441803
1.0,326.0,238.0,28.364880561828613,56.00342273712158,-15.708675265312195,0.4597189426422119
1.0,330.0,238.0,25.762404441833496,62.427268981933594,-13.878788232803345,0.34385061264038086
1.0,330.0,238.0,26.270121574401855,62.3061466217041,-15.458932638168335,0.3412711024284363
1.0,334.0,238.0,22.54436492919922,67.70400762557983,-14.28681468963623,0.6657818555831909
1.0,338.0,238.0,20.47867727279663,73.22144865989685,-14.961276292800903,0.6842998266220093
1.0,342.0,238.0,18.612342357635498,78.810959815979,-16.845685198903084,0.7224605679512024
1.0,346.0,238.0,17.06163501739502,84.24712562561035,-20.233853816986084,0.8086650371551514
1.0,350.0,238.0,16.009486198425293,87.61936473846436,-23.98418092727661,0.7964312434196472
1.0,354.0,238.0,14.369915008544922,93.36559104919434,-26.327126026153564,0.2769596576690674
1.0,354.0,238.0,14.930866241455078,91.16326522827148,-27.51895809173584,0.25844570994377136
1.0,354.0,238.0,14.04620361328125,94.07307815551758,-25.352688252925873,0.306496798992157
1.0,358.0,238.0,11.833455085754395,98.62285423278809,-26.63662552833557,0.3225695490837097
1.0,358.0,238.0,11.338860511779785,100.58918857574463,-25.640143990516663,0.4954264461994171
1.0,362.0,238.0,9.123312950134277,107.90509057044983,-24.901706635951996,0.5479876399040222
1.0,366.0,238.0,6.903768539428711,113.71674013137817,-22.20677137374878,0.43749505281448364
0.0,370.0,238.0,0.777306318283081,117.9766411781311,-10.075623869895935,0.08171844482421875
0.0,370.0,238.0,1.7256669998168945,112.51317071914673,-20.94273567199707,0.13171033561229706
1.0,202.0,242.0,70.0690381526947,-106.07574462890625,-15.129603862762451,0.26728662848472595
1.0,206.0,242.0,69.65362524986267,-104.20724487304688,-21.36850595474243,0.4647136330604553
1.0,210.0,242.0,69.11926507949829,-100.08056592941284,-25.472337245941162,0.5865628123283386
1.0,214.0,242.0,68.20506143569946,-95.94960823655128,-28.168940544128418,0.4227932393550873
1.0,214.0,242.0,66.44977712631226,-93.74383926391602,-34.94161069393158,0.32181814312934875
1.0,218.0,242.0,66.58079767227173,-90.57015705108643,-35.74570822715759,0.6996269226074219
1.0,222.0,242.0,65.74715805053711,-86.50904130935669,-36.04500871896744,0.8061047792434692
1.0,226.0,242.0,64.25878238677979,-81.97639447450638,-35.79750907421112,0.8004961609840393
1.0,230.0,242.0,62.37384605407715,-78.1720700263977,-34.86596179008484,0.6860655546188354
1.0,234.0,242.0,59.76031005382538,-68.44965362548828,-24.83857075124979,0.25722256302833557
1.0,234.0,242.0,59.880633135093376,-73.9144868850708,-32.16750431060791,0.3457645773887634
1.0,238.0,242.0,59.05655203014612,-64.90492725372314,-24.48601672053337,0.5251624584197998
1.0,242.0,242.0,58.19886189699173,-61.12721109390259,-24.683798149228096,0.6900697946548462
1.0,246.0,242.0,57.178752064704895,-56.77073097229004,-25.119071900844574,0.6949165463447571
1.0,250.0,242.0,55.06621599197388,-51.948822021484375,-26.166432738304138,0.7222163677215576
1.0,254.0,242.0,53.69811248779297,-47.70095252990723,-27.499704360961914,0.7012190222740173
1.0,258.0,242.0,52.919766902923584,-43.686763763427734,-27.917794704437256,0.6003471612930298
1.0,262.0,242.0,51.69588327407837,-40.233537673950195,-28.033446311950684,0.23201443254947662
1.0,262.0,242.0,52.41323661804199,-31.975292205810547,-15.419813483953476,0.15160635113716125
1.0,266.0,242.0,48.45815658569336,-27.548770785331726,-11.910745859146118,0.3812159299850464
1.0,270.0,242.0,46.429460525512695,-21.607136249542236,-10.773507595062256,0.43365827202796936
1.0,274.0,242.0,45.032880783081055,-16.906570434570312,-12.010048389434814,0.4155888259410858
1.0,278.0,242.0,43.76325178146362,-11.553650856018066,-13.46577262878418,0.3299217224121094
1.0,282.0,242.0,41.73305416107178,-6.445488929748535,-14.632147789001465,0.18787574768066406
1.0,282.0,242.0,43.3899302482605,-7.479656219482422,-14.785823941230774,0.11635728180408478
1.0,282.0,242.0,43.362701416015625,-7.720974922180176,-13.449247628450394,0.09999629855155945
1.0,286.0,242.0,39.969672203063965,-1.979996919631958,-14.8489990234375,0.13692905008792877
1.0,286.0,242.0,41.99008750915527,-2.8298752158880234,-14.051379144191742,0.21471795439720154
1.0,290.0,242.0,39.4986629486084,1.6583781242370605,-14.538596391677856,0.22442804276943207
1.0,294.0,242.0,35.985124588012695,7.62156867980957,-14.198162317276001,0.15852299332618713
1.0,294.0,242.0,37.025994300842285,6.52034854888916,-15.56476104259491,0.19214221835136414
1.0,298.0,242.0,35.074191093444824,12.024660110473633,-16.063363909721375,0.4425734877586365
1.0,302.0,242.0,32.999544620513916,17.517577648162842,-16.997884809970856,0.6356732249259949
1.0,306.0,242.0,30.363837480545044,23.564984500408173,-16.906234115362167,0.7720926403999329
1.0,310.0,242.0,28.706233739852905,29.56453561782837,-16.791370153427124,0.81546950340271
1.0,314.0,242.0,28.101596236228943,35.569790840148926,-16.935184955596924,0.7566945552825928
1.0,318.0,242.0,25.951539993286133,42.75518989562988,-16.065567135810852,0.6727001070976257
1.0,322.0,242.0,24.898658752441406,49.096963211894035,-15.300009429454803,0.8219852447509766
1.0,326.0,242.0,22.447909832000732,54.51364183425903,-15.077238917350769,0.8085989952087402
1.0,330.0,242.0,20.882612228393555,60.71703243255615,-14.507202103734016,0.5036569833755493
1.0,334.0,242.0,18.942395210266113,66.87312889099121,-15.197641015052795,0.6367360353469849
1.0,338.0,242.0,16.54906177520752,71.3089280128479,-14.540754556655884,0.6630764007568359
1.0,342.0,242.0,12.917516261339188,77.46461701393127,-16.29755812883377,0.7768263816833496
1.0,346.0,242.0,12.046804070472717,82.77344036102295,-18.971084237098694,0.8791126012802124
1.0,350.0,242.0,11.829075932502747,87.18132400512695,-23.611085891723633,0.9012413024902344
1.0,354.0,242.0,11.96734368801117,90.42522048950195,-27.058059692382812,0.37335488200187683
1.0,354.0,242.0,9.571199417114258,92.38154315948486,-24.879543870687485,0.4660451114177704
1.0,358.0,242.0,6.759645462036133,97.5280590057373,-26.113990902900696,0.7733235955238342
1.0,362.0,242.0,4.688110828399658,105.51562750339508,-25.37830299139023,0.7558435797691345
1.0,366.0,242.0,2.07724666595459,111.91266536712646,-22.561793327331543,0.5654424428939819
1.0,370.0,242.0,-1.8990903496742249,111.4551272392273,-21.668680667877197,0.12237521260976791
1.0,198.0,246.0,67.45815658569336,-111.19215631484985,-3.2670512199401855,0.4376005530357361
1.0,202.0,246.0,67.70497751235962,-109.09452819824219,-22.41447114944458,0.5677441358566284
1.0,206.0,246.0,67.26150369644165,-106.52599334716797,-29.17557430267334,0.6604582667350769
1.0,210.0,246.0,66.94917869567871,-102.38440656661987,-32.18559646606445,0.5226244926452637
1.0,214.0,246.0,63.70308327674866,-95.62865829467773,-36.606791615486145,0.6607357859611511
1.0,218.0,246.0,63.05856966972351,-91.85465908050537,-37.665796637535095,0.7407312393188477
1.0,222.0,246.0,62.62296462059021,-86.84127473831177,-38.059728384017944,0.7886132001876831
1.0,226.0,246.0,61.1502628326416,-83.85604548454285,-38.064196825027466,0.8032919764518738
1.0,230.0,246.0,59.779371753335,-80.2486726641655,-37.444618940353394,0.7892315983772278
1.0,234.0,246.0,57.62047863006592,-75.38428497314453,-35.92165690660477,0.7166988849639893
1.0,238.0,246.0,55.31938862800598,-69.15094375610352,-29.001179218292236,0.25130152702331543
1.0,238.0,246.0,55.029662132263184,-71.97867584228516,-33.854212522506714,0.4818958044052124
1.0,242.0,246.0,53.756471157073975,-63.71671485900879,-29.538461685180664,0.724453866481781
1.0,246.0,246.0,50.928616523742676,-59.32632899284363,-31.636134147644043,0.7525686025619507
1.0,250.0,246.0,49.02221965789795,-55.01759147644043,-32.69802236557007,0.7417208552360535
1.0,254.0,246.0,48.49169731140137,-50.487526416778564,-32.53765916824341,0.7087357640266418
1.0,258.0,246.0,48.36958885192871,-46.31968116760254,-32.5150580406189,0.3685438632965088
1.0,258.0,246.0,46.80337905883789,-46.8878790140152,-32.29388952255249,0.32165729999542236
1.0,262.0,246.0,47.39415264129639,-42.849061727523804,-32.31000781059265,0.33357322216033936
1.0,266.0,246.0,43.7350287437439,-30.1708824634552,-15.431994259357452,0.22634071111679077
1.0,270.0,246.0,41.14481830596924,-23.701684951782227,-13.678505420684814,0.2256164252758026
1.0,274.0,246.0,40.18523120880127,-18.148672103881836,-14.18896859884262,0.2291821539402008
1.0,278.0,246.0,38.2640814781189,-13.17448902130127,-14.228823721408844,0.2765575647354126
1.0,282.0,246.0,37.916409492492676,-9.611340045928955,-13.972825646400452,0.20667441189289093
1.0,286.0,246.0,36.18915271759033,-4.806326627731323,-14.681203305721283,0.25017616152763367
1.0,290.0,246.0,33.394606590270996,-0.23720598220825195,-14.548994243144989,0.17891338467597961
1.0,294.0,246.0,32.08517074584961,5.679446220397949,-15.623727083206177,0.17157979309558868
1.0,298.0,246.0,31.060696601867676,10.645734786987305,-15.74922251701355,0.21392709016799927
1.0,302.0,246.0,28.174725115299225,15.538251399993896,-16.89348676800728,0.5058457851409912
1.0,306.0,246.0,25.639199018478394,22.02245432138443,-16.792327344417572,0.6815682649612427
1.0,310.0,246.0,24.317901611328125,27.55029821395874,-16.575711250305176,0.7524946331977844
1.0,314.0,246.0,23.492518424987793,33.28092861175537,-17.1055860966444,0.6355874538421631
1.0,318.0,246.0,21.71211814880371,41.40874004364014,-15.880072474479675,0.7581716775894165
1.0,322.0,246.0,19.41085147857666,47.4096155166626,-15.093725562095642,0.8266649842262268
1.0,326.0,246.0,17.248422384262085,53.288734436035156,-14.60226383805275,0.7916150093078613
1.0,330.0,246.0,15.58392584323883,58.83147716522217,-13.934188067913055,0.6014944911003113
1.0,334.0,246.0,13.946037411689758,65.64709281921387,-14.416565895080566,0.6270650625228882
1.0,338.0,246.0,12.795227020978928,70.11688184738159,-14.846466064453125,0.6671639680862427
1.0,342.0,246.0,9.899262428283691,76.58706378936768,-15.330875992774963,0.8169188499450684
1.0,346.0,246.0,7.310419082641602,82.01013851165771,-17.78978604078293,0.9312412738800049
1.0,350.0,246.0,7.022999286651611,86.09937953948975,-22.46775484085083,0.9205735921859741
1.0,354.0,246.0,5.143009662628174,91.77380084991455,-24.85846658051014,0.6571069955825806
1.0,358.0,246.0,2.4392623901367188,96.26623344421387,-25.97259759902954,0.8787912726402283
1.0,362.0,246.0,1.4563262462615967,103.95639657974243,-25.624544143676758,0.7985132336616516
1.0,366.0,246.0,-1.2223405838012695,110.72331547737122,-22.763977885246277,0.6196691989898682
1.0,370.0,246.0,-5.135473012924194,118.77151823043823,-12.12084710597992,0.05181706324219704
1.0,370.0,246.0,-4.459157586097717,111.07187986373901,-21.599602937698364,0.09212817996740341
1.0,194.0,250.0,63.65073752403259,-115.83196139335632,3.458000898361206,0.4926984906196594
1.0,198.0,250.0,64.9696524143219,-116.12115406990051,-9.925743103027344,0.5335758328437805
1.0,202.0,250.0,63.28023147583008,-114.12368726730347,-30.862544775009155,0.7341320514678955
1.0,206.0,250.0,62.365882873535156,-110.78436851501465,-34.458822786808014,0.7112997770309448
1.0,210.0,250.0,60.675968170166016,-106.74875450134277,-34.86040723323822,0.5413410663604736
1.0,214.0,250.0,59.99944192916155,-97.86428642272949,-36.45602881908417,0.5643400549888611
1.0,218.0,250.0,58.436893701553345,-94.18676567077637,-37.299195408821106,0.7262506484985352
1.0,222.0,250.0,56.631919384002686,-90.18100547790527,-37.939440846443176,0.7593668699264526
1.0,226.0,250.0,55.735071659088135,-86.08717727661133,-37.6240491271019,0.7179960012435913
1.0,230.0,250.0,54.46567153930664,-81.31965798139572,-37.41810488700867,0.7412238121032715
1.0,234.0,250.0,52.44592905044556,-77.27809405326843,-36.88974017649889,0.734664261341095
1.0,238.0,250.0,50.78114891052246,-72.42704677581787,-36.01125234365463,0.7020788788795471
1.0,242.0,250.0,48.34725379943848,-68.11186218261719,-33.0494384765625,0.4698302745819092
1.0,242.0,250.0,48.336562156677246,-67.67390823364258,-34.017226457595825,0.263236403465271
1.0,246.0,250.0,45.693732261657715,-61.919952392578125,-34.276607513427734,0.6329435706138611
1.0,250.0,250.0,44.76481342315674,-58.16916608810425,-34.556376457214355,0.5342963337898254
1.0,254.0,250.0,45.37796211242676,-53.48374390602112,-34.30697059631348,0.2755388915538788
1.0,254.0,250.0,44.55799674987793,-53.98543643951416,-33.66783964633942,0.5022381544113159
1.0,258.0,250.0,44.24540901184082,-49.053311824798584,-33.3969669342041,0.6478243470191956
1.0,262.0,250.0,43.41287136077881,-43.90685522556305,-33.21741032600403,0.43269801139831543
1.0,266.0,250.0,38.02977895736694,-32.63508176803589,-17.511676788330078,0.11536847800016403
1.0,266.0,250.0,42.3538875579834,-40.12872505187988,-32.122841596603394,0.11601502448320389
1.0,270.0,250.0,36.249561816453934,-26.21860055718571,-14.611728817224503,0.16123804450035095
1.0,274.0,250.0,36.14206205308437,-20.29133892059326,-14.285198986530304,0.19890080392360687
1.0,278.0,250.0,33.87275433540344,-14.971012115478516,-14.101316034793854,0.22584350407123566
1.0,282.0,250.0,31.932650566101074,-11.16793441772461,-14.394162476062775,0.26976093649864197
1.0,286.0,250.0,30.77106285095215,-6.268342971801758,-14.777694046497345,0.29296472668647766
1.0,290.0,250.0,29.312071800231934,-1.6679977178573608,-14.97955060005188,0.22575564682483673
1.0,294.0,250.0,27.555362224578857,4.658544063568115,-15.396779894828796,0.2234335094690323
1.0,298.0,250.0,26.056439995765686,10.246535301208496,-15.407771229743958,0.19065505266189575
1.0,298.0,250.0,26.305322647094727,9.009672164916992,-15.773116707801819,0.20121578872203827
1.0,302.0,250.0,24.652040243148804,14.465652465820312,-16.426002085208893,0.5495444536209106
1.0,306.0,250.0,22.056148529052734,21.022016882896423,-16.50630271434784,0.6943749785423279
1.0,310.0,250.0,20.337501525878906,25.80074429512024,-16.61095929145813,0.7956321835517883
1.0,314.0,250.0,19.069201469421387,31.304718017578125,-17.03663818538189,0.5771276354789734
1.0,318.0,250.0,16.780458450317383,40.37920951843262,-15.179793417453766,0.8504912853240967
1.0,322.0,250.0,13.129685044288635,46.32977914810181,-14.313884554430842,0.8865252733230591
1.0,326.0,250.0,10.693463802337646,52.334861755371094,-13.485335648059845,0.8124063611030579
1.0,330.0,250.0,8.338517189025879,59.51252746582031,-13.047624349594116,0.6802449226379395
1.0,334.0,250.0,6.425582408905029,65.29478931427002,-13.0297532081604,0.6581287384033203
1.0,338.0,250.0,5.0231428146362305,70.38262701034546,-13.320619344711304,0.7696062326431274
1.0,342.0,250.0,3.8417835235595703,76.39737915992737,-14.012267351150513,0.879555881023407
1.0,346.0,250.0,2.245748519897461,81.71651220321655,-16.912056237459183,0.94747394323349
1.0,350.0,250.0,0.47956371307373047,85.78140449523926,-20.847755670547485,0.8992753624916077
1.0,354.0,250.0,0.39763760566711426,90.57906532287598,-24.971503600478172,0.7985410094261169
1.0,358.0,250.0,-1.163529872894287,95.77872943878174,-25.737285137176514,0.8962364196777344
1.0,362.0,250.0,-3.278952181339264,103.18826198577881,-25.313829839229584,0.8065029382705688
1.0,366.0,250.0,-4.864063501358032,110.39040803909302,-22.613290548324585,0.5687066912651062
1.0,370.0,250.0,-8.288718223571777,119.51633405685425,-12.368810057640076,0.0494408905506134
1.0,370.0,250.0,-6.899280548095703,110.02440690994263,-21.817623138427734,0.06178732216358185
1.0,190.0,254.0,58.548274636268616,-117.09268978238106,21.619247436523438,0.19450221955776215
1.0,190.0,254.0,57.90332794189453,-116.96026146411896,12.28819465637207,0.14335349202156067
1.0,194.0,254.0,59.567166805267334,-118.36270746588707,-0.3262423276901245,0.7137280106544495
1.0,198.0,254.0,61.218003273010254,-116.51209545135498,-27.585363388061523,0.7453489303588867
1.0,202.0,254.0,60.444159507751465,-114.97572946548462,-31.988163471221924,0.8757786750793457
1.0,206.0,254.0,58.493271827697754,-112.3245358467102,-35.14834898710251,0.761647641658783
1.0,210.0,254.0,57.780287742614746,-108.13977718353271,-34.821318209171295,0.6589577198028564
1.0,214.0,254.0,56.276429176330566,-103.13156032562256,-35.288626194000244,0.40143007040023804
1.0,218.0,254.0,54.73333787918091,-96.9367504119873,-36.658506482839584,0.58896404504776
1.0,222.0,254.0,51.97456216812134,-92.93152713775635,-37.029878452420235,0.7284920811653137
1.0,226.0,254.0,50.10711097717285,-88.35201692581177,-36.8305634483695,0.6870619058609009
1.0,230.0,254.0,48.10957717895508,-84.48532342910767,-37.193481892347336,0.6917852163314819
1.0,234.0,254.0,46.58907604217529,-79.84989809989929,-37.53985607624054,0.7313051819801331
1.0,238.0,254.0,45.70604228973389,-74.38235855102539,-36.42543739080429,0.7121391892433167
1.0,242.0,254.0,43.84323310852051,-67.82589626312256,-33.21120023727417,0.39898067712783813
1.0,246.0,254.0,41.9405403137207,-64.79952573776245,-34.742249488830566,0.2179952710866928
1.0,246.0,254.0,41.30736255645752,-64.34454345703125,-34.72940295934677,0.4009191393852234
1.0,250.0,254.0,40.514652252197266,-60.39169120788574,-34.83776354789734,0.607943058013916
1.0,254.0,254.0,40.036375999450684,-56.66040515899658,-35.05751672387123,0.7030816674232483
1.0,258.0,254.0,39.0850510597229,-51.210171699523926,-34.680097341537476,0.6518425941467285
1.0,262.0,254.0,38.395169734954834,-45.48776414990425,-34.07599902153015,0.46456438302993774
1.0,266.0,254.0,37.432920932769775,-40.74087142944336,-32.68057894706726,0.17352911829948425
1.0,270.0,254.0,32.060691833496094,-28.797176599502563,-14.993142049759626,0.14853624999523163
1.0,274.0,254.0,31.01836109161377,-23.091065406799316,-13.900646328926086,0.18864092230796814
1.0,278.0,254.0,29.394553661346436,-17.425026893615723,-13.539615511894226,0.16717985272407532
1.0,282.0,254.0,25.81853413581848,-11.779748916625977,-14.06845834851265,0.2059933990240097
1.0,286.0,254.0,26.21052050590515,-6.887245416641235,-14.340996205806732,0.26204296946525574
1.0,290.0,254.0,25.37563955783844,-2.2526491284370422,-14.836341619491577,0.27820879220962524
1.0,294.0,254.0,23.04804852604866,3.4529166221618652,-15.050362229347229,0.33790719509124756
1.0,298.0,254.0,20.819035053253174,9.777946472167969,-14.478382587432861,0.20886492729187012
1.0,298.0,254.0,21.984187483787537,9.408714294433594,-15.942710638046265,0.3195841908454895
1.0,302.0,254.0,19.70431613922119,14.053656578063965,-15.309201836585999,0.5879168510437012
1.0,306.0,254.0,17.637508392333984,19.50416326522827,-15.631394028663635,0.7021473050117493
1.0,310.0,254.0,16.484413146972656,24.836635947227478,-16.00663459300995,0.724416971206665
1.0,314.0,254.0,15.824910163879395,30.450063705444336,-15.815293312072754,0.34756165742874146
1.0,314.0,254.0,12.022212982177734,32.27432203292847,-14.852259159088135,0.2523214817047119
1.0,314.0,254.0,13.538783371448517,32.72040939331055,-14.963033378124237,0.2774546444416046
1.0,318.0,254.0,10.749542951583862,38.19282054901123,-14.193257242441177,0.8115930557250977
1.0,322.0,254.0,7.531660079956055,44.59959363937378,-13.306606531143188,0.8711084127426147
1.0,326.0,254.0,5.084914207458496,51.79733872413635,-12.419204831123352,0.8251550197601318
1.0,330.0,254.0,3.9340877532958984,57.20981407165527,-12.013092279434204,0.7206296324729919
1.0,334.0,254.0,1.8642816543579102,64.03098392486572,-12.039410591125488,0.5433847904205322
1.0,338.0,254.0,-0.7451295852661133,69.76596927642822,-11.66543436050415,0.8361081480979919
1.0,342.0,254.0,-2.104463577270508,75.56658256053925,-13.102063655853271,0.9200396537780762
1.0,346.0,254.0,-3.0511608123779297,80.80275249481201,-15.813034534454346,0.9366241693496704
1.0,350.0,254.0,-4.049917221069336,84.93119049072266,-19.73959517478943,0.8016625642776489
1.0,354.0,254.0,-3.6463671922683716,89.2065658569336,-23.469624400138855,0.8470959663391113
1.0,358.0,254.0,-7.88918924331665,95.25778007507324,-24.743463560007513,0.8784387707710266
1.0,362.0,254.0,-9.64200735092163,103.24119019508362,-24.157497882843018,0.7200921773910522
1.0,366.0,254.0,-9.562631607055664,109.28235387802124,-22.96758770942688,0.38118621706962585
1.0,190.0,258.0,54.27960014343262,-118.42725610733032,21.35374927520752,0.2600914537906647
1.0,190.0,258.0,54.026594161987305,-118.64263466000557,10.408407211303711,0.25888729095458984
1.0,194.0,258.0,54.19158315658569,-119.37738084793091,-1.215425968170166,0.6228293180465698
1.0,198.0,258.0,57.23771095275879,-117.90905499458313,-27.705146312713623,0.8499325513839722
1.0,202.0,258.0,56.23624324798584,-116.69532465934753,-32.917871713638306,0.855137288570404
1.0,206.0,258.0,54.56998825073242,-113.2993836402893,-35.3379328250885,0.7566652894020081
1.0,210.0,258.0,53.31282997131348,-108.38257312774658,-35.3487114906311,0.6629707217216492
1.0,214.0,258.0,51.5771050453186,-103.92305755615234,-35.73595333099365,0.5553215742111206
1.0,218.0,258.0,50.07876229286194,-100.3796157836914,-35.09880691766739,0.35206377506256104
1.0,218.0,258.0,51.423213958740234,-99.13073348999023,-35.838815331459045,0.24916917085647583
1.0,222.0,258.0,48.36213493347168,-94.7890100479126,-36.0856899023056,0.6852035522460938
1.0,226.0,258.0,45.73817539215088,-90.52797889709473,-36.6620119959116,0.6821842789649963
1.0,230.0,258.0,43.564069747924805,-85.72978782653809,-36.735672168433666,0.4543644189834595
1.0,234.0,258.0,42.60626983642578,-80.48784637451172,-36.572283148765564,0.29738545417785645
1.0,234.0,258.0,41.70266914367676,-81.5633650124073,-37.164878845214844,0.38835975527763367
1.0,238.0,258.0,40.808128356933594,-75.92639446258545,-36.13439154624939,0.40475302934646606
1.0,238.0,258.0,41.66096496582031,-76.6001672744751,-36.60836011171341,0.30622631311416626
1.0,242.0,258.0,38.614516258239746,-70.11427879333496,-35.538735151290894,0.5090861916542053
1.0,246.0,258.0,36.77167224884033,-65.36441612243652,-34.921148002147675,0.42684561014175415
1.0,250.0,258.0,35.62022542953491,-61.94929313659668,-35.21783544123173,0.5730889439582825
1.0,254.0,258.0,34.836353063583374,-57.567625999450684,-35.35194329917431,0.6727267503738403
1.0,258.0,258.0,33.46276533603668,-52.935556411743164,-35.04596719145775,0.6744038462638855
1.0,262.0,258.0,33.65059453248978,-47.14354908466339,-34.81425780057907,0.5217509269714355
1.0,266.0,258.0,33.32952833175659,-42.12813591957092,-33.48212397098541,0.25946545600891113
1.0,270.0,258.0,27.361249923706055,-31.84215211868286,-15.031174069270492,0.15452927350997925
1.0,274.0,258.0,25.1426944732666,-25.480485439300537,-12.74536418914795,0.1725730001926422
1.0,278.0,258.0,24.496192932128906,-19.520634651184082,-11.981947422027588,0.1682422161102295
1.0,282.0,258.0,22.044408440589905,-12.781035423278809,-12.825989007949829,0.2139883190393448
1.0,286.0,258.0,21.691704154014587,-7.779519081115723,-12.697821497917175,0.28016728162765503
1.0,290.0,258.0,20.232897996902466,-2.645867735147476,-13.641402527689934,0.3230060636997223
1.0,294.0,258.0,18.958835124969482,2.6076745986938477,-13.760922454297543,0.401788592338562
1.0,298.0,258.0,17.38776397705078,7.298229217529297,-14.267292588949203,0.41128239035606384
1.0,302.0,258.0,15.400090217590332,12.771186828613281,-14.454677820205688,0.3101366460323334
1.0,302.0,258.0,15.167654991149902,12.056045532226562,-14.156646221876144,0.18687114119529724
1.0,306.0,258.0,12.47691535949707,17.890230178833008,-14.710756301879883,0.34454765915870667
1.0,306.0,258.0,10.665589332580566,20.431106567382812,-15.135197162628174,0.30542904138565063
1.0,310.0,258.0,8.847045421600342,28.679745107889175,-14.069343090057373,0.6695218682289124
1.0,314.0,258.0,7.958324432373047,34.11094045639038,-12.930788516998291,0.7713857889175415
1.0,318.0,258.0,6.801109790802002,36.557217597961426,-12.81330919265747,0.6631060242652893
1.0,322.0,258.0,4.018934071063995,38.994367599487305,-12.24506425857544,0.32344263792037964
1.0,322.0,258.0,2.6311025619506836,43.57443809509277,-11.95682168006897,0.45635786652565
1.0,326.0,258.0,-0.02878570556640625,50.86069321632385,-9.864177942276001,0.3163318634033203
1.0,326.0,258.0,1.8494901657104492,49.48943930864334,-10.816673278808594,0.37159672379493713
1.0,330.0,258.0,-2.9839820861816406,55.38076376914978,-9.674139261245728,0.6116393804550171
1.0,334.0,258.0,-3.953396797180176,60.11430835723877,-9.6058828830719,0.6803378462791443
1.0,338.0,258.0,-5.173432350158691,66.89803123474121,-11.412288904190063,0.45113900303840637
1.0,338.0,258.0,-4.4423828125,68.53750896453857,-11.643803596496582,0.3820202946662903
1.0,342.0,258.0,-7.985210418701172,74.47565551102161,-11.38648796081543,0.8143129348754883
1.0,346.0,258.0,-7.9290313720703125,80.15226173400879,-14.491144895553589,0.898054838180542
1.0,350.0,258.0,-6.294961929321289,84.02916145324707,-18.508870005607605,0.5596815943717957
1.0,350.0,258.0,-5.280512809753418,82.32814598083496,-20.893906593322754,0.34324386715888977
1.0,354.0,258.0,-7.858101844787598,88.34104347229004,-23.686861634254456,0.81109219789505
1.0,358.0,258.0,-11.489054679870605,94.56262397766113,-24.836467936635017,0.7233849763870239
1.0,362.0,258.0,-18.19924831390381,101.64849323034286,-21.088623523712158,0.3455045521259308
1.0,362.0,258.0,-13.126099586486816,101.17199516296387,-24.61315980553627,0.3841366171836853
1.0,366.0,258.0,-22.26066493988037,109.40549373626709,-16.646181643009186,0.2055557817220688
1.0,190.0,262.0,51.690428733825684,-117.6821283698082,22.123001098632812,0.177239328622818
1.0,190.0,262.0,46.54480743408203,-118.38926362991333,23.40903377532959,0.11104616522789001
1.0,194.0,262.0,50.48524284362793,-119.3773283958435,0.6040085256099701,0.5263592600822449
1.0,198.0,262.0,52.399627685546875,-118.81249389052391,-26.388054370880127,0.8079943656921387
1.0,202.0,262.0,51.92226696014404,-117.93604016304016,-33.42577999830246,0.8047323226928711
1.0,206.0,262.0,50.29259634017944,-113.57073736190796,-35.21932488679886,0.6076368093490601
1.0,210.0,262.0,48.03432083129883,-108.49932193756104,-35.802783489227295,0.4499545693397522
1.0,214.0,262.0,46.22650212049484,-104.65894222259521,-35.59702730178833,0.48239201307296753
1.0,218.0,262.0,45.521392822265625,-101.05722236633301,-35.04858094453812,0.5212718844413757
1.0,222.0,262.0,45.34257411956787,-95.63598346710205,-35.70280396938324,0.3456367552280426
1.0,226.0,262.0,43.54831504821777,-91.82687282562256,-36.87880400195718,0.4859219789505005
1.0,230.0,262.0,40.01650047302246,-87.14032936096191,-36.74516086280346,0.5122295022010803
1.0,234.0,262.0,39.19723320007324,-82.39741703867912,-36.59570574760437,0.5763168931007385
1.0,238.0,262.0,36.83135414123535,-77.27736139297485,-36.529303550720215,0.6080602407455444
1.0,242.0,262.0,34.694071769714355,-71.3459300994873,-35.780179023742676,0.5111403465270996
1.0,246.0,262.0,34.360846519470215,-66.21566772460938,-35.586018800735474,0.36200186610221863
1.0,250.0,262.0,31.644675135612488,-62.403385162353516,-35.53179690241814,0.4588165283203125
1.0,254.0,262.0,30.51292061805725,-57.96744918823242,-35.4430695399642,0.617851197719574
1.0,258.0,262.0,29.44844126701355,-53.78562641143799,-35.14264948666096,0.7009551525115967
1.0,262.0,262.0,29.352718830108643,-48.7103910446167,-35.423077158629894,0.6234592795372009
1.0,266.0,262.0,29.093322038650513,-43.314536333084106,-34.45231193304062,0.3735772371292114
1.0,270.0,262.0,22.6035737991333,-34.06490135192871,-14.96190033107996,0.1607133150100708
1.0,274.0,262.0,20.825109481811523,-26.34099354594946,-11.363930463790894,0.20984432101249695
1.0,278.0,262.0,20.702336311340332,-20.497815132141113,-10.329715251922607,0.14397737383842468
1.0,278.0,262.0,19.693373203277588,-18.30519962310791,-10.122161149978638,0.13128645718097687
1.0,282.0,262.0,18.812310218811035,-13.575318336486816,-9.344657897949219,0.26341381669044495
1.0,286.0,262.0,17.086062908172607,-7.6790642738342285,-9.236592292785645,0.25572192668914795
1.0,290.0,262.0,14.461135864257812,-1.8191032409667969,-9.793570518493652,0.25146225094795227
1.0,294.0,262.0,13.126110076904297,2.3541669845581055,-10.092159748077393,0.2514035105705261
1.0,298.0,262.0,11.53877067565918,6.965536117553711,-9.592764377593994,0.2781485915184021
1.0,302.0,262.0,7.516448497772217,14.609318733215332,-10.890684127807617,0.1705694943666458
1.0,302.0,262.0,9.333455085754395,11.69350528717041,-8.592739582061768,0.18065863847732544
1.0,306.0,262.0,4.656610548496246,22.912790298461914,-10.29490327835083,0.47390151023864746
1.0,310.0,262.0,2.3273351192474365,30.123478531837463,-9.277861595153809,0.6008530259132385
1.0,314.0,262.0,0.9593026638031006,35.47074890136719,-8.770655870437622,0.6263402104377747
1.0,318.0,262.0,0.2814629077911377,37.85992908477783,-8.359120845794678,0.607536792755127
1.0,322.0,262.0,-2.0140419006347656,43.46523380279541,-8.455095052719116,0.3470677435398102
1.0,322.0,262.0,-2.2560696601867676,40.52216720581055,-8.108734369277954,0.2914876341819763
1.0,326.0,262.0,-6.191418170928955,48.64363384246826,-7.694804906845093,0.6565164923667908
1.0,330.0,262.0,-9.423357486724854,55.255200147628784,-8.00015139579773,0.6439878344535828
1.0,334.0,262.0,-9.704656839370728,60.3679141998291,-7.17712140083313,0.7655133008956909
1.0,338.0,262.0,-11.01110976934433,67.04224491119385,-9.490291357040405,0.8404830098152161
1.0,342.0,262.0,-13.818100690841675,72.18692970275879,-10.952956438064575,0.533200204372406
1.0,342.0,262.0,-14.892866134643555,74.55318927764893,-12.276869773864746,0.2971634268760681
1.0,346.0,262.0,-13.593364238739014,78.5754804611206,-13.1993989944458,0.5248658657073975
1.0,350.0,262.0,-15.815770149230957,85.62301731109619,-17.79149693250656,0.37277647852897644
1.0,350.0,262.0,-8.516007900238037,83.32481384277344,-21.53044033050537,0.270446240901947
1.0,354.0,262.0,-17.804203033447266,89.92511081695557,-19.518149852752686,0.4434913694858551
1.0,354.0,262.0,-10.555832862854004,87.95537376403809,-24.0318820476532,0.4601164758205414
1.0,358.0,262.0,-19.80624294281006,95.32294654846191,-20.815694570541382,0.7047492265701294
1.0,362.0,262.0,-22.956603527069092,102.37389314174652,-19.292601108551025,0.7519465088844299
1.0,366.0,262.0,-27.611284971237183,109.609130859375,-16.118730902671814,0.3686211109161377
1.0,370.0,262.0,-30.99986743927002,113.62209606170654,-12.550817966461182,0.14318552613258362
1.0,190.0,266.0,41.62656593322754,-118.84391129016876,23.715974807739258,0.08753524720668793
1.0,194.0,266.0,42.87496757507324,-119.84957019239664,5.773997724056244,0.1941617876291275
1.0,194.0,266.0,45.49740409851074,-118.93692809343338,3.7775583267211914,0.15996524691581726
1.0,194.0,266.0,44.50087261199951,-116.24169635772705,18.427906036376953,0.10123627632856369
1.0,198.0,266.0,46.90074769221246,-119.08786957524717,-23.888842582702637,0.6943386793136597
1.0,202.0,266.0,47.06009866297245,-118.31539624929428,-32.951488971710205,0.7659286856651306
1.0,206.0,266.0,46.29650962352753,-114.52638578414917,-35.47995483875275,0.5403512120246887
1.0,210.0,266.0,42.802504539489746,-108.9662971496582,-36.309266328811646,0.4138123691082001
1.0,214.0,266.0,41.369078636169434,-105.58318901062012,-34.967543959617615,0.47761648893356323
1.0,218.0,266.0,40.9420223236084,-101.59155464172363,-35.209782898426056,0.4549623131752014
1.0,222.0,266.0,40.055809020996094,-98.48973941802979,-36.669400095939636,0.39455461502075195
1.0,226.0,266.0,38.592573165893555,-94.29406547546387,-36.88476234301925,0.6490862965583801
1.0,230.0,266.0,35.98276996612549,-88.63072395324707,-36.94740735180676,0.6070890426635742
1.0,234.0,266.0,34.74163246154785,-83.7373217344284,-36.7957733348012,0.5672293305397034
1.0,238.0,266.0,32.685153007507324,-78.6067099571228,-36.595142006874084,0.5553619265556335
1.0,242.0,266.0,29.812912464141846,-72.65740776062012,-35.87656331062317,0.4018098711967468
1.0,246.0,266.0,30.076589584350586,-67.5215253829956,-35.60326898097992,0.37208566069602966
1.0,250.0,266.0,28.259573459625244,-62.923439025878906,-35.304498106241226,0.3512223958969116
1.0,254.0,266.0,26.32506799697876,-58.618653297424316,-35.09803330898285,0.5670538544654846
1.0,258.0,266.0,25.80688714981079,-53.94951248168945,-35.27843901515007,0.6498193740844727
1.0,262.0,266.0,24.704066276550293,-49.640709400177,-35.54117476940155,0.665347695350647
1.0,266.0,266.0,24.933075428009033,-43.469396352767944,-34.657606422901154,0.44627565145492554
1.0,270.0,266.0,18.213180541992188,-34.25955104827881,-13.525888204574585,0.2299802154302597
1.0,274.0,266.0,17.612619400024414,-26.978323698043823,-9.917333126068115,0.19781960546970367
1.0,278.0,266.0,18.328643798828125,-23.159658432006836,-8.917307376861572,0.04740109667181969
1.0,278.0,266.0,16.40032148361206,-17.33808994293213,-7.342091083526611,0.08888807892799377
1.0,282.0,266.0,16.41285991668701,-12.710284233093262,-6.116763591766357,0.1294875144958496
1.0,286.0,266.0,15.526546478271484,-7.0373992919921875,-5.368768692016602,0.11198616027832031
1.0,294.0,266.0,12.834318161010742,4.597009181976318,-4.9170989990234375,0.1103217750787735
1.0,298.0,266.0,10.285690307617188,8.810792922973633,-5.136874198913574,0.11884565651416779
1.0,302.0,266.0,4.325142741203308,18.788126945495605,-3.467010498046875,0.1930738240480423
1.0,306.0,266.0,2.029513955116272,26.514995336532593,-1.4869797229766846,0.21977734565734863
1.0,310.0,266.0,-0.0021600723266601562,33.247994899749756,-1.5036191940307617,0.2357795536518097
1.0,314.0,266.0,-2.6268181800842285,36.10414171218872,-4.012037634849548,0.20335568487644196
1.0,318.0,266.0,-5.931795120239258,37.51233768463135,-5.2691638469696045,0.10643354803323746
1.0,318.0,266.0,-5.075693130493164,38.80092525482178,-5.391826033592224,0.18865232169628143
1.0,322.0,266.0,-8.001169204711914,42.31612205505371,-5.316725254058838,0.36040034890174866
1.0,326.0,266.0,-11.080691933631897,48.68559789657593,-5.05978798866272,0.424413800239563
1.0,330.0,266.0,-13.591880321502686,54.52733826637268,-4.370418071746826,0.3259616494178772
1.0,334.0,266.0,-13.722612142562866,59.81600046157837,-4.291143417358398,0.6542149782180786
1.0,338.0,266.0,-14.970623254776001,65.2543363571167,-5.6300671100616455,0.8078271746635437
1.0,342.0,266.0,-19.48065757751465,72.13189697265625,-10.379273414611816,0.6311078071594238
1.0,346.0,266.0,-19.269179105758667,77.74558973312378,-11.105156898498535,0.8860623836517334
1.0,350.0,266.0,-21.797273635864258,86.65503692626953,-13.147532224655151,0.5234084129333496
1.0,350.0,266.0,-19.681097388267517,82.11831963062286,-8.237109184265137,0.4313342869281769
1.0,354.0,266.0,-24.0670428276062,91.18841648101807,-16.15641486644745,0.8763023018836975
1.0,358.0,266.0,-25.73858404159546,96.09717607498169,-18.029712200164795,0.9240926504135132
1.0,362.0,266.0,-28.289417266845703,102.09753823280334,-17.644918739795685,0.8942395448684692
1.0,366.0,266.0,-32.215744495391846,108.57411432266235,-14.989742159843445,0.6231380105018616
1.0,370.0,266.0,-35.36358165740967,112.86531162261963,-12.397929191589355,0.2901325821876526
1.0,374.0,266.0,-37.649258613586426,114.89543342590332,-10.998159408569336,0.1558627486228943
1.0,194.0,270.0,37.41836738586426,-120.24533027410507,9.87733405828476,0.12653198838233948
1.0,194.0,270.0,39.262869358062744,-117.29267168045044,17.260425567626953,0.09704949706792831
1.0,198.0,270.0,42.35254096984863,-119.12152054905891,-23.196380615234375,0.3909200131893158
1.0,202.0,270.0,41.161723613739014,-119.16197454184294,-31.400052070617676,0.7027204632759094
1.0,206.0,270.0,41.35336685180664,-115.25198292732239,-34.9739904999733,0.6896166205406189
1.0,210.0,270.0,39.0175576210022,-110.79309558868408,-36.18144381046295,0.5243639945983887
1.0,214.0,270.0,37.81098651885986,-106.45555591583252,-34.46629862487316,0.5452298521995544
1.0,218.0,270.0,36.50064945220947,-102.16181564331055,-34.37763503193855,0.4268021881580353
1.0,222.0,270.0,35.95413112640381,-99.5628604888916,-36.47852450609207,0.4577893614768982
1.0,226.0,270.0,34.14390182495117,-95.84528541564941,-36.930374135263264,0.618591845035553
1.0,230.0,270.0,32.00645446777344,-90.4228253364563,-37.10063973069191,0.6464908719062805
1.0,234.0,270.0,30.782124519348145,-85.06619310379028,-37.048467963933945,0.6105678677558899
1.0,238.0,270.0,29.882785320281982,-79.67669486999512,-36.7932268679142,0.5628584027290344
1.0,242.0,270.0,26.279421210289,-74.10580825805664,-36.18806540966034,0.36153799295425415
1.0,246.0,270.0,26.69103717803955,-68.6000804901123,-35.64813590049744,0.2863594591617584
1.0,250.0,270.0,25.518876314163208,-63.62289810180664,-35.534489154815674,0.17933225631713867
1.0,250.0,270.0,24.969505786895752,-64.2339096069336,-35.172097474336624,0.17094454169273376
1.0,254.0,270.0,21.992502212524414,-59.133421897888184,-35.16894406080246,0.49138766527175903
1.0,258.0,270.0,21.319852828979492,-54.341444969177246,-35.31456347554922,0.5739455223083496
1.0,262.0,270.0,21.51239585876465,-50.0797438621521,-35.342481542378664,0.5339047908782959
1.0,266.0,270.0,19.351061820983887,-43.44838881492615,-32.878358602523804,0.19675683975219727
1.0,266.0,270.0,21.419987678527832,-44.23337435722351,-34.75850296020508,0.3746033012866974
1.0,270.0,270.0,18.470011711120605,-41.28572940826416,-29.937732696533203,0.10979917645454407
1.0,270.0,270.0,15.247613906860352,-35.255072593688965,-12.870623588562012,0.14153173565864563
1.0,270.0,270.0,21.925222396850586,-41.78876709938049,-32.31992816925049,0.08826852589845657
0.0,274.0,270.0,14.408689856529236,-32.293901443481445,-6.39121150970459,0.06946590542793274
1.0,274.0,270.0,15.937555313110352,-32.162761211395264,-10.365690231323242,0.07975691556930542
1.0,334.0,270.0,-16.408430099487305,58.91485834121704,-1.2216787338256836,0.09454385936260223
1.0,338.0,270.0,-18.03260374069214,63.07389259338379,-2.0547872483730316,0.4836794137954712
1.0,338.0,270.0,-22.42573708295822,67.86294937133789,2.1436209678649902,0.3452233672142029
1.0,342.0,270.0,-24.675251960754395,70.33200454711914,-6.074051856994629,0.8325300812721252
1.0,346.0,270.0,-24.835339546203613,76.30214881896973,-10.285094261169434,0.9158022999763489
1.0,350.0,270.0,-27.89271306991577,85.5794849395752,-10.489673614501953,0.5397703051567078
1.0,350.0,270.0,-25.958868980407715,81.3626116514206,-9.076321601867676,0.43231648206710815
1.0,354.0,270.0,-30.65233838558197,91.566162109375,-13.697552919387817,0.9429531693458557
1.0,358.0,270.0,-30.906818628311157,95.58618402481079,-16.508853763341904,0.9536902904510498
1.0,362.0,270.0,-32.822182178497314,100.60183760523796,-16.33644688129425,0.914776086807251
1.0,366.0,270.0,-36.24468421936035,106.61571455001831,-14.633599758148193,0.6892550587654114
1.0,370.0,270.0,-38.97712421417236,111.61727714538574,-12.464629173278809,0.28950372338294983
1.0,374.0,270.0,-40.21557903289795,114.47853565216064,-11.260632991790771,0.12890087068080902
1.0,194.0,274.0,32.63075256347656,-120.6356520652771,12.31552642583847,0.08859500288963318
1.0,194.0,274.0,33.713942766189575,-118.77761793136597,17.83086585998535,0.0902453362941742
1.0,198.0,274.0,36.32474613189697,-120.28116488456726,-4.492549955844879,0.25984513759613037
1.0,202.0,274.0,35.66940879821777,-119.92741978168488,-29.517942428588867,0.6460244059562683
1.0,206.0,274.0,35.759881019592285,-116.40901780128479,-34.27441622689366,0.7567739486694336
1.0,210.0,274.0,34.22990322113037,-112.53959465026855,-35.814340710639954,0.6530480980873108
1.0,214.0,274.0,33.57831382751465,-108.03059959411621,-34.797596752643585,0.621272087097168
1.0,218.0,274.0,33.73955154418945,-103.98343467712402,-35.36581516265869,0.3295941948890686
1.0,218.0,274.0,31.252211570739746,-102.65073585510254,-36.00379544496536,0.20003695785999298
1.0,222.0,274.0,31.79306983947754,-99.96843338012695,-36.44189867377281,0.4335479140281677
1.0,226.0,274.0,30.168134689331055,-96.29817199707031,-36.82283176481724,0.5782310366630554
1.0,230.0,274.0,27.835209369659424,-91.4297285079956,-36.96968196704984,0.645963191986084
1.0,234.0,274.0,26.171852946281433,-86.37373352050781,-37.167243629693985,0.5795196294784546
1.0,238.0,274.0,25.39045739173889,-80.85820949077606,-36.78737312555313,0.5230497121810913
1.0,242.0,274.0,22.990540266036987,-75.3275957107544,-36.282835721969604,0.3451128602027893
1.0,246.0,274.0,22.332481145858765,-70.48423862457275,-35.50929772853851,0.23649439215660095
1.0,250.0,274.0,21.762537479400635,-64.93821144104004,-35.513386964797974,0.27989450097084045
1.0,254.0,274.0,17.385780334472656,-59.21226692199707,-34.11706578731537,0.19777102768421173
1.0,254.0,274.0,18.026375770568848,-60.20303916931152,-35.22633793950081,0.32032352685928345
1.0,258.0,274.0,16.99519157409668,-55.161006927490234,-33.966348528862,0.4056248664855957
1.0,258.0,274.0,16.993529319763184,-54.887956619262695,-35.2122171074152,0.2924739718437195
1.0,262.0,274.0,15.864026069641113,-51.80035877227783,-34.4878114759922,0.5168384313583374
1.0,266.0,274.0,15.173308372497559,-44.60962940752506,-34.38064253330231,0.5141714811325073
1.0,270.0,274.0,13.821137428283691,-42.18749213218689,-30.528154850006104,0.31476983428001404
1.0,338.0,274.0,-26.74186611175537,70.15644836425781,3.7590527534484863,0.3123569190502167
1.0,342.0,274.0,-29.761974334716797,70.88883876800537,-2.783964157104492,0.7748603820800781
1.0,346.0,274.0,-31.116738319396973,75.05413579940796,-8.53355884552002,0.7619251608848572
1.0,350.0,274.0,-33.96823167800903,83.43869018554688,-9.335190773010254,0.4648127853870392
1.0,350.0,274.0,-31.42763042449951,80.45643556118011,-8.812453269958496,0.3087822198867798
1.0,354.0,274.0,-36.22571134567261,89.49189949035645,-12.763378620147705,0.9055560827255249
1.0,358.0,274.0,-36.410202980041504,93.6567587852478,-15.415880680084229,0.9142256379127502
1.0,362.0,274.0,-37.47917938232422,98.85632014274597,-15.750937819480896,0.8975564241409302
1.0,366.0,274.0,-40.007057189941406,104.39221096038818,-14.635899066925049,0.7076380848884583
1.0,370.0,274.0,-41.89989757537842,109.6594877243042,-13.274420499801636,0.30047371983528137
1.0,374.0,274.0,-42.258137702941895,112.83066749572754,-11.581487655639648,0.06558936089277267
1.0,194.0,278.0,28.911489248275757,-120.14742439985275,20.08933162689209,0.09619846940040588
1.0,198.0,278.0,30.98284161090851,-120.68958377838135,-1.2841984629631042,0.1805434226989746
1.0,202.0,278.0,32.255733489990234,-119.66904437541962,-27.814527988433838,0.41471925377845764
1.0,206.0,278.0,30.215408325195312,-117.48072135448456,-33.30211961269379,0.7277039885520935
1.0,210.0,278.0,30.22248649597168,-114.50049018859863,-35.23129105567932,0.6657428741455078
1.0,214.0,278.0,29.933059692382812,-110.05454158782959,-35.213964998722076,0.4968496561050415
1.0,218.0,278.0,27.999934911727905,-103.55548095703125,-36.334170281887054,0.31975337862968445
1.0,222.0,278.0,26.841395378112793,-99.56298065185547,-36.557335913181305,0.47619369626045227
1.0,226.0,278.0,24.454609215259552,-96.60390281677246,-36.47293481230736,0.5158863663673401
1.0,230.0,278.0,23.151397109031677,-92.6919641494751,-36.852865777909756,0.5808053612709045
1.0,234.0,278.0,20.846107721328735,-88.27551507949829,-37.013600930571556,0.5633608102798462
1.0,238.0,278.0,20.674643993377686,-82.8572698906064,-36.808292895555496,0.5774615406990051
1.0,242.0,278.0,19.263644695281982,-77.50584983825684,-36.320605516433716,0.38488084077835083
1.0,246.0,278.0,18.180635929107666,-73.07905673980713,-35.65900766849518,0.27025920152664185
1.0,250.0,278.0,16.440271854400635,-66.31892204284668,-35.35407364368439,0.31627726554870605
1.0,254.0,278.0,14.10309886932373,-61.17887496948242,-34.84897149540484,0.42133238911628723
1.0,258.0,278.0,14.266462326049805,-56.9054012298584,-35.23757943511009,0.6186378002166748
1.0,262.0,278.0,12.929154396057129,-53.40249252319336,-36.04808449745178,0.6093540787696838
1.0,266.0,278.0,10.55891466140747,-46.68047511577606,-35.48402935266495,0.5609270334243774
1.0,270.0,278.0,7.87214732170105,-42.927562832832336,-31.774049043655396,0.24602054059505463
1.0,338.0,278.0,-38.34286594390869,72.0044937133789,0.8325843811035156,0.17610706388950348
1.0,342.0,278.0,-36.50859451293945,72.40705049037933,-2.2609167098999023,0.7595406770706177
1.0,346.0,278.0,-37.09968662261963,74.36934804916382,-7.669344902038574,0.8513756394386292
1.0,350.0,278.0,-39.25126934051514,77.76857995986938,-12.307666778564453,0.7398812174797058
1.0,354.0,278.0,-43.04560947418213,85.8235330581665,-12.003119230270386,0.6132230162620544
1.0,358.0,278.0,-41.56559181213379,91.58122444152832,-16.585733622312546,0.37009739875793457
1.0,358.0,278.0,-43.906439781188965,90.02902364730835,-14.922644555568695,0.6055383086204529
1.0,362.0,278.0,-41.94208526611328,97.20201563835144,-16.24075621366501,0.44354215264320374
1.0,362.0,278.0,-43.348602294921875,96.7141809463501,-16.246374011039734,0.5173001885414124
1.0,366.0,278.0,-43.96150302886963,102.32668149471283,-15.15985882282257,0.3433915376663208
1.0,366.0,278.0,-43.96754264831543,102.49362277984619,-16.7576721906662,0.44144895672798157
1.0,370.0,278.0,-45.25939178466797,107.99543142318726,-13.062581062316895,0.13079848885536194
1.0,370.0,278.0,-45.632516860961914,106.70015621185303,-15.541652087122202,0.23946575820446014
1.0,374.0,278.0,-47.71961975097656,108.6035737991333,-14.246279835700989,0.09722673147916794
1.0,198.0,282.0,24.979705333709717,-121.20579600334167,0.8455557227134705,0.10228802263736725
1.0,202.0,282.0,29.477008819580078,-119.03344638831913,-26.98143243789673,0.08085116744041443
1.0,202.0,282.0,28.109201431274414,-120.97536659240723,-18.81475406885147,0.08938116580247879
1.0,202.0,282.0,27.80329990386963,-120.08601677417755,-24.796085357666016,0.13864223659038544
1.0,206.0,282.0,26.879131317138672,-118.37181520462036,-31.476404666900635,0.2928880453109741
1.0,206.0,282.0,30.387824058532715,-118.99800372123718,-31.01364040374756,0.31236281991004944
1.0,210.0,282.0,27.083545684814453,-116.26416635513306,-35.03239804506302,0.2329135686159134
1.0,210.0,282.0,28.729151725769043,-115.81551933288574,-35.4014088511467,0.4129147231578827
1.0,214.0,282.0,25.32380485534668,-109.93572998046875,-35.79669851064682,0.5485076308250427
1.0,218.0,282.0,21.74950408935547,-104.97443962097168,-36.147459268569946,0.4521217346191406
1.0,222.0,282.0,22.614363193511963,-101.44307327270508,-36.571870267391205,0.31737828254699707
1.0,226.0,282.0,20.110968589782715,-97.41914463043213,-36.49857568740845,0.42664551734924316
1.0,230.0,282.0,16.98820209503174,-94.67867183685303,-36.62323918938637,0.5311068892478943
1.0,234.0,282.0,16.46853542327881,-89.84535074234009,-36.84317975491285,0.6427972912788391
1.0,238.0,282.0,16.05221176147461,-84.20186519622803,-36.572770208120346,0.6875336766242981
1.0,242.0,282.0,14.640470504760742,-79.68365263938904,-36.20022785663605,0.5974477529525757
1.0,246.0,282.0,12.131458282470703,-75.39306306838989,-35.845736384391785,0.42339175939559937
1.0,250.0,282.0,10.238114356994629,-67.96636295318604,-35.17814755439758,0.39721909165382385
1.0,254.0,282.0,10.437639713287354,-62.55396270751953,-34.97120136767626,0.5450381636619568
1.0,258.0,282.0,10.41475534439087,-57.74905300140381,-35.76938837766647,0.5898107886314392
1.0,262.0,282.0,8.578742027282715,-53.66380310058594,-36.04756450653076,0.5665060877799988
1.0,266.0,282.0,6.30386757850647,-48.00106978416443,-35.046791940927505,0.5691854953765869
1.0,270.0,282.0,2.4940736293792725,-43.90602707862854,-32.64117121696472,0.24279142916202545
1.0,342.0,282.0,-41.83693981170654,71.73384594917297,-1.499474048614502,0.8651886582374573
1.0,346.0,282.0,-44.301164627075195,73.78646111488342,-5.647974967956543,0.8611704707145691
1.0,350.0,282.0,-44.96057462692261,76.72719860076904,-10.314932823181152,0.7688465118408203
1.0,354.0,282.0,-48.37235355377197,84.01025390625,-10.969645023345947,0.8656379580497742
1.0,358.0,282.0,-49.28978967666626,89.14832639694214,-14.478431105613708,0.9503718018531799
1.0,362.0,282.0,-49.29471778869629,95.20648340322077,-16.278143346309662,0.9338383674621582
1.0,366.0,282.0,-48.989089488983154,100.8068699836731,-16.880120396614075,0.7668732404708862
1.0,370.0,282.0,-50.945244789123535,104.55099964141846,-15.56665674597025,0.34826597571372986
1.0,374.0,282.0,-53.590725898742676,106.07398319244385,-13.247151374816895,0.14922481775283813
1.0,198.0,286.0,19.852259635925293,-121.6773133277893,3.4491836428642273,0.09409601986408234
1.0,202.0,286.0,22.121554374694824,-119.42873859405518,-23.68271255493164,0.11822808533906937
1.0,206.0,286.0,24.744319915771484,-118.9013180732727,-29.646475315093994,0.4152278006076813
1.0,210.0,286.0,25.434948921203613,-116.89167833328247,-35.44117683172226,0.5307226777076721
1.0,214.0,286.0,22.764413833618164,-111.29954051971436,-36.689677476882935,0.5595281720161438
1.0,218.0,286.0,18.379840850830078,-106.84362888336182,-36.92135012149811,0.5414400696754456
1.0,222.0,286.0,16.922181606292725,-103.59748840332031,-36.305619597435,0.3576153516769409
1.0,226.0,286.0,15.110522270202637,-99.39118576049805,-36.600873708724976,0.3244152069091797
1.0,230.0,286.0,12.340492248535156,-95.53010654449463,-36.640066832304,0.6020892858505249
1.0,234.0,286.0,11.099478721618652,-90.47536516189575,-36.70957824587822,0.7541475892066956
1.0,238.0,286.0,11.075417518615723,-86.27663397789001,-36.510136753320694,0.806205689907074
1.0,242.0,286.0,9.680977821350098,-81.42762589454651,-36.391585886478424,0.7700662016868591
1.0,246.0,286.0,6.695713043212891,-77.15902853012085,-36.14278030395508,0.6312603950500488
1.0,250.0,286.0,4.811616897583008,-69.6067419052124,-34.87594223022461,0.5315457582473755
1.0,254.0,286.0,5.28519082069397,-64.58160209655762,-35.47227680683136,0.6108115315437317
1.0,258.0,286.0,4.645771890878677,-59.460350036621094,-36.01184415817261,0.5947303771972656
1.0,262.0,286.0,3.5487375259399414,-53.25845527648926,-36.22853624820709,0.47155410051345825
1.0,266.0,286.0,0.7053663730621338,-49.141446590423584,-34.18443328142166,0.49811792373657227
1.0,270.0,286.0,-3.150386333465576,-45.54771888256073,-32.88156020641327,0.18581005930900574
1.0,342.0,286.0,-48.27451682090759,72.97741067409515,0.20922327041625977,0.720053493976593
1.0,346.0,286.0,-50.56442880630493,74.56211066246033,-3.7447290420532227,0.7493850588798523
1.0,350.0,286.0,-50.332186818122864,78.14091110229492,-6.950983047485352,0.711662232875824
1.0,354.0,286.0,-53.04788541793823,84.3554515838623,-9.633760452270508,0.8587021231651306
1.0,358.0,286.0,-53.718894481658936,89.31737327575684,-13.40289831161499,0.895022451877594
1.0,362.0,286.0,-53.856813192367554,94.24405282735825,-15.944133043289185,0.9021737575531006
1.0,366.0,286.0,-54.939234137535095,99.82443809509277,-16.070337414741516,0.6868036389350891
1.0,370.0,286.0,-56.42324498295784,102.83291625976562,-14.927523136138916,0.25747546553611755
1.0,198.0,290.0,13.222635269165039,-120.58076429367065,15.329063892364502,0.0625663474202156
1.0,198.0,290.0,14.19446849822998,-122.15781879425049,6.837182462215424,0.08633635938167572
1.0,202.0,290.0,16.589111804962158,-119.57186818122864,-22.533623695373535,0.17407464981079102
1.0,206.0,290.0,19.352046012878418,-119.29290819168091,-28.95840883255005,0.3696269989013672
1.0,210.0,290.0,20.97133159637451,-117.979896068573,-35.54502546787262,0.5207436680793762
1.0,214.0,290.0,18.47174882888794,-112.47945213317871,-36.47504377365112,0.5242061018943787
1.0,218.0,290.0,14.628182411193848,-107.7652473449707,-36.36618757247925,0.5712382793426514
1.0,222.0,290.0,12.693981766700745,-104.40321350097656,-36.278971791267395,0.5123618841171265
1.0,226.0,290.0,11.910209655761719,-100.80663681030273,-36.489246517419815,0.16358496248722076
1.0,226.0,290.0,11.516632556915283,-102.70998573303223,-36.02461051940918,0.30233708024024963
1.0,230.0,290.0,8.171417236328125,-96.57990264892578,-36.862792894244194,0.6241390109062195
1.0,234.0,290.0,6.22477912902832,-91.89127731323242,-36.95024262741208,0.7576265335083008
1.0,238.0,290.0,6.592948913574219,-87.42584943771362,-36.703685864806175,0.7756261825561523
1.0,242.0,290.0,5.429021835327148,-82.87461122125387,-36.7852371186018,0.6938552856445312
1.0,246.0,290.0,1.7327194213867188,-78.16816425323486,-36.74266877770424,0.6399590969085693
1.0,250.0,290.0,-0.5511760711669922,-72.10123252868652,-35.449164390563965,0.40208134055137634
1.0,254.0,290.0,0.8785409927368164,-66.19646072387695,-35.9711092710495,0.6135522723197937
1.0,258.0,290.0,-0.22951126098632812,-61.93050765991211,-36.31880474090576,0.5417485237121582
1.0,262.0,290.0,-2.059561252593994,-55.83979606628418,-36.13769745826721,0.4374915659427643
1.0,266.0,290.0,-5.161348342895508,-51.01022148132324,-34.910891368985176,0.3747573494911194
1.0,270.0,290.0,-8.264305114746094,-46.772605180740356,-33.3170211315155,0.10762131959199905
1.0,342.0,290.0,-53.37456548213959,75.43975138664246,1.6258432865142822,0.4410746693611145
1.0,346.0,290.0,-56.00492334365845,77.39825868606567,-2.323124408721924,0.5340562462806702
1.0,350.0,290.0,-56.49504518508911,81.47510766983032,-3.432742118835449,0.584216296672821
1.0,354.0,290.0,-57.90529131889343,84.35024070739746,-7.938136577606201,0.7301920056343079
1.0,358.0,290.0,-59.055530071258545,89.11713695526123,-12.080175399780273,0.6980749368667603
1.0,362.0,290.0,-58.63106381893158,93.59715414047241,-15.203233659267426,0.8012705445289612
1.0,366.0,290.0,-59.45556926727295,98.77456450462341,-15.69794175028801,0.4454791247844696
1.0,198.0,294.0,8.625222206115723,-121.7147569656372,16.132636547088623,0.24413082003593445
1.0,202.0,294.0,9.904934465885162,-120.30407416820526,-21.534300804138184,0.1771804243326187
1.0,206.0,294.0,13.990544080734253,-120.37782979011536,-28.01855707168579,0.34972789883613586
1.0,210.0,294.0,15.315351963043213,-119.56460356712341,-34.60865208506584,0.46475017070770264
1.0,214.0,294.0,13.432663917541504,-114.93830919265747,-36.061219334602356,0.48508307337760925
1.0,218.0,294.0,9.980648875236511,-109.15833854675293,-35.730183601379395,0.5626429319381714
1.0,222.0,294.0,7.729269742965698,-105.7450065612793,-35.80010861158371,0.6018893122673035
1.0,226.0,294.0,7.22867226600647,-104.05320358276367,-36.720319986343384,0.41989055275917053
1.0,230.0,294.0,6.104345321655273,-96.09238805621862,-36.864418029785156,0.5761702060699463
1.0,234.0,294.0,5.2570953369140625,-92.48390650749207,-36.41808104515076,0.6778790354728699
1.0,238.0,294.0,3.3552284240722656,-89.54167699813843,-36.507262229919434,0.7357850074768066
1.0,242.0,294.0,0.6732082366943359,-85.92535400390625,-36.31115913391113,0.7689378261566162
1.0,246.0,294.0,-1.1065902709960938,-81.80196475982666,-37.07440447807312,0.6748167872428894
1.0,250.0,294.0,-2.6888275146484375,-73.50845241546631,-35.70177125930786,0.5097711086273193
1.0,254.0,294.0,-2.457681655883789,-68.07461881637573,-36.16010046005249,0.5554285049438477
1.0,258.0,294.0,-4.405893325805664,-63.619914561510086,-35.53743267059326,0.4279574751853943
1.0,262.0,294.0,-8.135766983032227,-58.719122886657715,-34.27855730056763,0.3466537296772003
1.0,266.0,294.0,-12.33858585357666,-53.69353199005127,-33.14006423950195,0.20751014351844788
0.0,342.0,294.0,-59.120691776275635,78.44404602050781,2.4986844062805176,0.24367277324199677
1.0,346.0,294.0,-61.42970848083496,80.78419017791748,0.043829917907714844,0.2510966956615448
1.0,350.0,294.0,-62.28001403808594,83.6953763961792,-0.7303380966186523,0.3371380567550659
1.0,350.0,294.0,-61.027889251708984,83.31325340270996,-3.6290550231933594,0.2174888253211975
1.0,354.0,294.0,-63.276851654052734,84.8191728591919,-6.949921607971191,0.5162488222122192
1.0,358.0,294.0,-63.82543897628784,90.24642515182495,-11.043804168701172,0.2753513753414154
1.0,362.0,294.0,-62.9109787940979,94.13289165496826,-13.82257604598999,0.5783413648605347
1.0,366.0,294.0,-63.92658805847168,98.55034446716309,-14.176247477531433,0.18337400257587433
1.0,198.0,298.0,2.468973159790039,-122.34066939353943,17.622234582901,0.22415386140346527
0.0,202.0,298.0,3.9914040565490723,-121.05290287733078,-22.540401458740234,0.13154880702495575
1.0,206.0,298.0,8.444649934768677,-121.90248658135533,-27.613919734954834,0.31204476952552795
1.0,210.0,298.0,9.818963587284088,-120.91016602516174,-33.257668256759644,0.4254063367843628
1.0,214.0,298.0,8.70084524154663,-116.3830919265747,-35.688906610012054,0.48346343636512756
1.0,218.0,298.0,6.256134033203125,-110.89953517913818,-36.261728405952454,0.6115126609802246
1.0,222.0,298.0,2.09896183013916,-106.40541458129883,-36.50677800178528,0.6564071178436279
1.0,226.0,298.0,1.9787616729736328,-104.75934886932373,-37.984782218933105,0.43977418541908264
1.0,230.0,298.0,1.0417671203613281,-99.21760439872742,-37.30065870285034,0.6982292532920837
1.0,234.0,298.0,0.48140811920166016,-94.08078420162201,-37.54881310462952,0.7894023060798645
1.0,238.0,298.0,-0.46944141387939453,-90.24430894851685,-37.33901810646057,0.8316716551780701
1.0,242.0,298.0,-2.782717704772949,-86.0476131439209,-37.50702095031738,0.8342220783233643
1.0,246.0,298.0,-5.020320892333984,-82.0193395614624,-37.86482119560242,0.7249076962471008
1.0,250.0,298.0,-7.965371131896973,-75.56069564819336,-35.69049263000488,0.5033535361289978
1.0,254.0,298.0,-8.762412071228027,-68.66227960586548,-35.400442600250244,0.6012048721313477
1.0,258.0,298.0,-10.025389671325684,-64.35821887850761,-35.28119993209839,0.542296290397644
1.0,262.0,298.0,-11.678149223327637,-59.55055904388428,-34.27906847000122,0.3482440114021301
1.0,266.0,298.0,-15.230209350585938,-55.771857261657715,-32.110310554504395,0.140609472990036
0.0,342.0,298.0,-65.84394264221191,82.28828525543213,3.208246946334839,0.1294526755809784
0.0,346.0,298.0,-67.10379600524902,84.61657619476318,2.074653387069702,0.1531558483839035
1.0,350.0,298.0,-67.73793029785156,85.8001537322998,1.1308417320251465,0.1669747531414032
1.0,350.0,298.0,-66.0911750793457,83.52587509155273,-2.937061309814453,0.21355865895748138
1.0,354.0,298.0,-73.1567759513855,88.2463550567627,-3.718416213989258,0.10101506859064102
1.0,354.0,298.0,-68.41658210754395,85.42623710632324,-5.2970123291015625,0.18736419081687927
1.0,358.0,298.0,-73.05421733856201,91.03236198425293,-4.587695598602295,0.11710583418607712
1.0,358.0,298.0,-68.97852802276611,90.52527189254761,-8.427280902862549,0.08146725594997406
1.0,362.0,298.0,-72.49009275436401,94.03550720214844,-7.218690395355225,0.25552132725715637
1.0,362.0,298.0,-67.83168601989746,94.08738696575165,-11.01006031036377,0.26194679737091064
1.0,366.0,298.0,-73.74882984161377,96.75038528442383,-7.074714183807373,0.1420324593782425
1.0,370.0,298.0,-75.52532649040222,98.27509117126465,-6.950355529785156,0.0942377969622612
1.0,198.0,302.0,-3.8170459866523743,-121.80179381370544,16.790932655334473,0.1022263616323471
0.0,202.0,302.0,-3.367137908935547,-121.46188724040985,-11.578358978033066,0.12649235129356384
1.0,206.0,302.0,2.7647008895874023,-122.9081159234047,-27.968576908111572,0.2992873787879944
1.0,210.0,302.0,4.966673374176025,-121.75590090453625,-32.61052370071411,0.4349006712436676
1.0,214.0,302.0,4.224322319030762,-118.24186158180237,-35.49890407919884,0.5494994521141052
1.0,218.0,302.0,1.6411981582641602,-112.32228088378906,-36.54998767375946,0.6118417382240295
1.0,222.0,302.0,-2.405458450317383,-108.16176509857178,-35.76429319381714,0.5061209797859192
1.0,226.0,302.0,-1.751749038696289,-106.14780712127686,-37.593661069869995,0.6474563479423523
1.0,230.0,302.0,-3.0893173217773438,-101.4697060585022,-37.814887285232544,0.7306020855903625
1.0,234.0,302.0,-4.265069007873535,-95.53599888086319,-38.03661108016968,0.7589700818061829
1.0,238.0,302.0,-5.105635643005371,-90.84705924987793,-37.30525732040405,0.7964046597480774
1.0,242.0,302.0,-6.875694751739502,-86.50249671936035,-36.928741216659546,0.8420798182487488
1.0,246.0,302.0,-10.246997833251953,-82.22092914581299,-36.17956483364105,0.7454963326454163
1.0,250.0,302.0,-12.736875534057617,-76.20982456207275,-34.717894554138184,0.4852510690689087
1.0,254.0,302.0,-14.634143829345703,-70.5856065750122,-35.0204644203186,0.5366935133934021
1.0,258.0,302.0,-15.69806432723999,-65.06659257411957,-34.69952440261841,0.40084463357925415
1.0,262.0,302.0,-16.80681800842285,-60.48550486564636,-33.161521911621094,0.2021999955177307
0.0,350.0,302.0,-73.60409164428711,87.24096488952637,0.11388466507196426,0.07136574387550354
1.0,354.0,302.0,-75.0870132446289,88.4149169921875,-2.401320457458496,0.11531216651201248
1.0,358.0,302.0,-75.24222683906555,89.99407768249512,-3.948683738708496,0.13344693183898926
1.0,362.0,302.0,-75.5544900894165,92.37173652648926,-6.017827987670898,0.17395523190498352
0.0,202.0,306.0,-7.656559944152832,-121.5168274641037,-14.158644199371338,0.09559942036867142
1.0,206.0,306.0,-1.707448959350586,-124.74372339248657,-27.591979026794434,0.16951259970664978
1.0,206.0,306.0,-3.380035400390625,-123.11890387535095,-21.4653377532959,0.10921274870634079
1.0,210.0,306.0,0.9478120803833008,-122.44600677490234,-32.74162554740906,0.4114605784416199
1.0,214.0,306.0,-0.29776668548583984,-120.07054162025452,-34.830689147114754,0.5528364777565002
1.0,218.0,306.0,-2.8493566513061523,-114.21809911727905,-37.05176520347595,0.5782095193862915
1.0,222.0,306.0,-3.1374826431274414,-110.26033687591553,-37.29046678543091,0.4797872006893158
1.0,226.0,306.0,-4.581652641296387,-107.1343936920166,-37.26828360557556,0.6862978339195251
1.0,230.0,306.0,-6.455026626586914,-101.91036558151245,-37.458752155303955,0.747028648853302
1.0,234.0,306.0,-8.85764455795288,-96.63886415958405,-36.535151958465576,0.7010094523429871
1.0,238.0,306.0,-10.010148048400879,-91.97727680206299,-36.041133403778076,0.7487986087799072
1.0,242.0,306.0,-12.118013620376587,-87.19567584991455,-35.24814522266388,0.8074068427085876
1.0,246.0,306.0,-14.484333180822432,-83.15151596069336,-34.661496073007584,0.6750311255455017
1.0,250.0,306.0,-16.885116815567017,-80.4484634399414,-33.313221871852875,0.18585681915283203
1.0,250.0,306.0,-16.348933696746826,-76.84686183929443,-32.970552921295166,0.36616984009742737
1.0,254.0,306.0,-17.672990798950195,-71.74850606918335,-33.28311371803284,0.4139253497123718
1.0,258.0,306.0,-20.262417435646057,-66.40888929367065,-32.352365493774414,0.29320263862609863
1.0,262.0,306.0,-21.282628536224365,-62.092509269714355,-31.64050555229187,0.17048928141593933
1.0,266.0,306.0,-21.72831815481186,-58.98093366622925,-30.15628969669342,0.1011563166975975
1.0,210.0,310.0,-2.08154296875,-124.28115653991699,-32.45766305923462,0.257352739572525
1.0,214.0,310.0,-3.962735176086426,-120.60971701145172,-34.07213872671127,0.4572645425796509
1.0,218.0,310.0,-5.767489433288574,-116.4080581665039,-35.389512568712234,0.522067666053772
1.0,222.0,310.0,-6.90377140045166,-111.07647037506104,-36.18069660663605,0.5831613540649414
1.0,226.0,310.0,-9.026771545410156,-107.48739528656006,-35.947890520095825,0.6719353199005127
1.0,230.0,310.0,-11.5073823928833,-102.55862855911255,-35.47541654109955,0.6046324372291565
1.0,234.0,310.0,-13.04813003540039,-97.96234512329102,-34.96033447980881,0.6030727028846741
1.0,238.0,310.0,-14.542780116200447,-93.58175539970398,-34.29266592860222,0.6373978853225708
1.0,242.0,310.0,-16.125792026519775,-88.6457290649414,-33.57652962207794,0.642961323261261
1.0,246.0,310.0,-16.80809211730957,-84.86961460113525,-32.894127368927,0.47403836250305176
1.0,250.0,310.0,-17.586488962173462,-82.09005451202393,-31.76244044303894,0.1699540913105011
1.0,250.0,310.0,-17.61644172668457,-77.95230388641357,-32.031970500946045,0.1996299922466278
1.0,254.0,310.0,-19.450283765792847,-73.15172576904297,-32.05734348297119,0.19861605763435364
1.0,258.0,310.0,-22.214347776025534,-68.2794041633606,-30.61488687992096,0.12649263441562653
1.0,266.0,310.0,-23.953776955604553,-60.01377534866333,-28.470449209213257,0.09825371950864792
1.0,210.0,314.0,-5.341814994812012,-123.95339632034302,-31.5738525390625,0.06341534852981567
1.0,210.0,314.0,-9.207115650177002,-121.41950225830078,-25.734808921813965,0.11132192611694336
1.0,214.0,314.0,-5.911990165710449,-120.66952836513519,-33.4597442150116,0.2985670864582062
1.0,218.0,314.0,-9.737056732177734,-114.31861114501953,-35.2734489440918,0.2055702954530716
1.0,218.0,314.0,-8.015509605407715,-117.67162561416626,-34.29916173219681,0.31063762307167053
1.0,222.0,314.0,-10.929255723953247,-111.51008033752441,-34.00839902460575,0.46198898553848267
1.0,226.0,314.0,-12.801491856575012,-107.70296669006348,-33.448022305965424,0.4412499666213989
1.0,230.0,314.0,-14.483368034474552,-103.45972061157227,-33.05686950683594,0.4717410206794739
1.0,234.0,314.0,-15.912187099456787,-98.92078042030334,-32.608906984329224,0.400468647480011
1.0,238.0,314.0,-17.140190362930298,-94.6477872133255,-32.595266461372375,0.32916316390037537
1.0,242.0,314.0,-18.603044986724854,-90.28176355361938,-31.905214309692383,0.34041404724121094
1.0,246.0,314.0,-19.110668659210205,-86.91014385223389,-30.70558214187622,0.23962284624576569
0.0,250.0,314.0,-19.34591054916382,-83.8430290222168,-29.68057155609131,0.08756112307310104
1.0,250.0,314.0,-20.514233350753784,-77.94241523742676,-29.366975605487823,0.07474037259817123
1.0,254.0,314.0,-22.041907146573067,-74.47686100006104,-29.51313305052463,0.0901171937584877
1.0,214.0,318.0,-12.085103273391724,-119.80822840332985,-26.437941551208496,0.1476256549358368
1.0,218.0,318.0,-12.972689986228943,-113.72081184387207,-33.19667208194733,0.22285236418247223
1.0,222.0,318.0,-13.090624570846558,-111.28717708587646,-32.457524061203,0.4176459014415741
1.0,226.0,318.0,-14.076822251081467,-107.97494411468506,-31.745412826538086,0.3751956522464752
1.0,230.0,318.0,-16.280277132987976,-104.14647674560547,-30.905193328857422,0.284940630197525
1.0,234.0,318.0,-18.094600915908813,-100.16833257675171,-30.5785174369812,0.1326342672109604
1.0,238.0,318.0,-18.429184913635254,-96.09798837453127,-31.023156881332397,0.13269400596618652
0.0,242.0,318.0,-19.38618755340576,-91.94924402236938,-29.97855520248413,0.14733606576919556
0.0,246.0,318.0,-20.31278705596924,-88.4806456565857,-29.222861766815186,0.18310131132602692
0.0,250.0,318.0,-20.593920707702637,-85.63904762268066,-28.340027809143066,0.07444807887077332
0.0,250.0,318.0,-22.922285437583923,-77.395094871521,-27.424787521362305,0.046194881200790405
1.0,218.0,322.0,-16.133435606956482,-113.02535247802734,-30.220283031463623,0.046998362988233566
0.0,218.0,322.0,-13.149432182312012,-117.96173667907715,25.08196449279785,0.05126376077532768
1.0,218.0,322.0,-15.031626731157303,-116.95805597305298,-23.002379417419434,0.04709092527627945
0.0,222.0,322.0,-14.775926887989044,-111.67187309265137,-30.49156427383423,0.16597440838813782
0.0,226.0,322.0,-14.812925189733505,-109.20747756958008,-30.126937866210938,0.12092070281505585
0.0,230.0,322.0,-15.676783323287964,-106.14851951599121,-29.933461666107178,0.11594673991203308
0.0,226.0,326.0,-80.20884764194489,90.30459403991699,1.1278051137924194,0.035104695707559586
0.0,226.0,326.0,-14.352981984615326,-110.24923706054688,-29.38180160522461,0.026404093950986862
0.0,226.0,326.0,-13.378781795501709,-106.29940938949585,24.75253677368164,0.03723574057221413
