inlier,x,y,X,Y,Z,conf
1.0,322.0,158.0,77.05610466003418,103.64002180099487,20.122123956680298,0.12405972182750702
1.0,326.0,158.0,78.18533328175545,106.17123174667358,17.317398071289062,0.1303010731935501
0.0,330.0,158.0,77.81841176748276,113.93473672866821,11.851804992065809,0.09739916771650314
1.0,330.0,158.0,78.49983137845993,108.90998363494873,14.57911491394043,0.074456587433815
1.0,334.0,158.0,78.28965336084366,114.51047706604004,10.587904235229871,0.19434401392936707
1.0,338.0,158.0,78.73479318618774,115.04487490653992,7.448591014252088,0.20147214829921722
1.0,342.0,158.0,78.86727225780487,115.75365233421326,4.39537312637367,0.13575853407382965
1.0,318.0,162.0,77.19356429576874,97.64695453643799,19.97448468208313,0.14804169535636902
1.0,322.0,162.0,77.76495289802551,101.50186967849731,18.26285982131958,0.42908337712287903
1.0,326.0,162.0,79.10596311092377,104.42457151412964,15.491408824920654,0.43812984228134155
0.0,330.0,162.0,78.9287439584732,110.65648365020752,7.622012873993299,0.1939363330602646
1.0,330.0,162.0,79.03625988960266,107.30758094787598,12.63199520111084,0.20726162195205688
1.0,334.0,162.0,79.45843410491943,110.80718517303467,5.980623504028699,0.3819407820701599
1.0,338.0,162.0,79.35603356361389,111.97763586044312,3.392370482788465,0.4153541624546051
1.0,342.0,162.0,79.74979424476624,113.138596534729,1.1608239616016363,0.3990471363067627
1.0,346.0,162.0,79.80964708328247,114.62948799133301,-2.5908107553859736,0.2831042408943176
1.0,350.0,162.0,79.56803703308105,114.55263328552246,-5.049592713012316,0.16972623765468597
1.0,318.0,166.0,76.70050024986267,95.25740194320679,20.392839670181274,0.28906598687171936
1.0,322.0,166.0,78.49321430921555,97.24066197872162,17.21296977996826,0.5443220138549805
1.0,326.0,166.0,79.6280357837677,99.95485961437225,13.76455020904541,0.5702871680259705
1.0,330.0,166.0,79.25332295894623,103.5846095085144,10.904289245605469,0.3190551996231079
1.0,330.0,166.0,78.95340752601624,100.87851572036743,8.432514190673828,0.16780030727386475
0.0,334.0,166.0,80.4217414855957,107.6887378692627,2.5103368962863897,0.29540741443634033
1.0,334.0,166.0,79.1102120578289,103.02833557128906,4.1633405685424805,0.2442818284034729
1.0,338.0,166.0,79.57510590553284,109.1816930770874,0.24609681020774588,0.4180404543876648
1.0,342.0,166.0,79.1690582036972,110.63126277923584,-2.392222384109118,0.40954625606536865
1.0,346.0,166.0,78.61627125740051,111.71575975418091,-4.967630127563098,0.4105801284313202
1.0,350.0,166.0,79.19368374347687,112.21193885803223,-8.909771660461047,0.3811107873916626
1.0,354.0,166.0,78.20855289697647,112.54172706604004,-12.111029366149523,0.23711591958999634
1.0,318.0,170.0,77.09511870145798,91.06559228897095,19.032264709472656,0.4092957377433777
1.0,322.0,170.0,79.06350338459015,92.8133053779602,15.11848497390747,0.6521419882774353
1.0,326.0,170.0,79.67970180511475,96.202796459198,11.763997077941895,0.4272780418395996
1.0,326.0,170.0,79.08594563603401,96.326984167099,11.643658638000488,0.2692614793777466
1.0,330.0,170.0,79.3091384768486,99.03674793243408,7.037757873535156,0.5590523481369019
1.0,334.0,170.0,79.21869860775769,101.07514381408691,2.8282899856567383,0.5735698342323303
1.0,338.0,170.0,79.00555500388145,102.41021823883057,-2.0111801624298096,0.6171669960021973
1.0,342.0,170.0,79.01286767423153,102.93928337097168,-4.653585493564606,0.524703860282898
1.0,346.0,170.0,77.56072479486465,109.99253463745117,-8.101749161376574,0.24336402118206024
1.0,346.0,170.0,79.08184076845646,104.36977863311768,-7.09171724319458,0.4296513497829437
1.0,350.0,170.0,77.10195998847485,111.49915313720703,-10.68719933380089,0.2960934340953827
1.0,350.0,170.0,78.69221776723862,106.15163993835449,-11.425083637237549,0.3210301995277405
1.0,354.0,170.0,77.1729182600975,112.16748142242432,-15.060069779052355,0.22736789286136627
1.0,354.0,170.0,78.35193115472794,106.56177806854248,-16.0091495513916,0.14740213751792908
1.0,314.0,174.0,72.04629564285278,88.97029876708984,20.72666597366333,0.18753813207149506
1.0,318.0,174.0,76.60083425045013,87.10473823547363,16.803996562957764,0.5011878609657288
1.0,322.0,174.0,78.45974457263947,88.52478790283203,12.46847915649414,0.6229819059371948
1.0,326.0,174.0,79.22899013664573,91.67656910419464,8.017741203308105,0.719144880771637
1.0,330.0,174.0,79.6242358982563,94.81494116783142,3.3735804557800293,0.7768856287002563
1.0,334.0,174.0,79.37095196545124,97.57237768173218,0.42153406143188477,0.6939094662666321
1.0,338.0,174.0,79.12889815121889,98.93726539611816,-3.1978412866592407,0.7323155403137207
1.0,342.0,174.0,78.89116939902306,100.49970245361328,-6.256740212440491,0.7356410622596741
1.0,346.0,174.0,78.88743552565575,101.13786029815674,-9.633428573608398,0.7305118441581726
1.0,350.0,174.0,78.75181093811989,103.2788896560669,-13.832687377929688,0.6608551740646362
1.0,354.0,174.0,78.27292710542679,104.76447868347168,-18.134105682373047,0.36485353112220764
1.0,358.0,174.0,74.01415252685547,112.8755555152893,-17.145538071288684,0.056764788925647736
1.0,358.0,174.0,77.24669075012207,105.00394344329834,-22.201823234558105,0.03525056317448616
1.0,314.0,178.0,70.66819524765015,85.8429536819458,18.601494789123535,0.18473783135414124
1.0,318.0,178.0,74.94830584526062,84.68384265899658,15.40720272064209,0.48894041776657104
1.0,322.0,178.0,78.42887958884239,85.83296394348145,10.849324226379395,0.31325799226760864
1.0,322.0,178.0,79.30507003515959,86.34999704360962,10.74767780303955,0.41971632838249207
1.0,326.0,178.0,79.3612697198987,88.00924015045166,6.111194610595703,0.8439016342163086
1.0,330.0,178.0,79.55882534384727,89.90454840660095,0.9437446594238281,0.8504407405853271
1.0,334.0,178.0,79.68182894587517,91.51123225688934,-2.120406150817871,0.8126358985900879
1.0,338.0,178.0,79.36885988712311,94.42698669433594,-5.640446186065674,0.7787205576896667
1.0,342.0,178.0,79.14504649490118,97.10836029052734,-7.772098541259766,0.7793973684310913
1.0,346.0,178.0,78.90156534314156,98.40088844299316,-10.831374168395996,0.7892658114433289
1.0,350.0,178.0,78.73205399513245,99.61735916137695,-15.793463706970215,0.7615332007408142
1.0,354.0,178.0,78.03529715538025,102.65980529785156,-19.883045196533203,0.48211541771888733
1.0,358.0,178.0,72.30933284759521,107.26866340637207,-23.85092404484749,0.10268676280975342
1.0,358.0,178.0,76.8509373664856,104.48829650878906,-23.72639560699463,0.055524617433547974
1.0,314.0,182.0,69.45125246047974,76.93139457702637,13.360187530517578,0.14936676621437073
1.0,318.0,182.0,74.82684063911438,79.76112747192383,10.739437580108643,0.4369511604309082
1.0,322.0,182.0,76.82888889312744,80.95388603210449,6.345087289810181,0.5050544738769531
1.0,326.0,182.0,78.98854053020477,84.0507116317749,4.596429824829102,0.826580286026001
1.0,330.0,182.0,79.16286154836416,85.62116718292236,0.7360687255859375,0.8441552519798279
1.0,334.0,182.0,79.207106359303,87.47467136383057,-3.1934252977371216,0.8478413224220276
1.0,338.0,182.0,79.3473711013794,88.96920680999756,-7.457919359207153,0.8306292295455933
1.0,342.0,182.0,79.0742318034172,91.6854864358902,-10.530497074127197,0.81260746717453
1.0,346.0,182.0,78.77694073319435,94.55871784687042,-13.444538116455078,0.7635438442230225
1.0,350.0,182.0,78.31470185518265,96.88189029693604,-16.807004928588867,0.7061470746994019
1.0,354.0,182.0,72.63311576843262,98.69246864318848,-22.922112703323364,0.4248673617839813
1.0,354.0,182.0,77.56914901733398,99.86533069610596,-20.740450859069824,0.2630883455276489
1.0,358.0,182.0,69.83180046081543,104.93232154846191,-24.78955751657486,0.29577264189720154
1.0,310.0,186.0,48.72950303554535,81.22369337081909,20.230223417282104,0.09322439134120941
1.0,314.0,186.0,68.02360916137695,72.16969537734985,11.17374849319458,0.2738722860813141
1.0,318.0,186.0,74.31236147880554,75.41460037231445,9.082317352294922,0.47448253631591797
1.0,322.0,186.0,76.3622236251831,77.9827766418457,4.766049563884735,0.7197082042694092
1.0,326.0,186.0,76.44517064094543,80.45560646057129,0.612429141998291,0.4080435633659363
1.0,326.0,186.0,77.86156702041626,82.05115795135498,2.388115406036377,0.4252927303314209
1.0,330.0,186.0,78.1569185256958,82.88564777374268,-0.6862654685974121,0.7580794095993042
1.0,334.0,186.0,78.84045878052711,83.9632396697998,-4.238774657249451,0.7870630621910095
1.0,338.0,186.0,78.90517276525497,85.57473182678223,-8.608573913574219,0.7820928692817688
1.0,342.0,186.0,78.72615069150925,87.27956771850586,-12.111763000488281,0.7535524964332581
1.0,346.0,186.0,78.18329679965973,90.12099480628967,-15.626680374145508,0.7092127799987793
1.0,350.0,186.0,74.15296936035156,92.74883317947388,-20.753163814544678,0.37675970792770386
1.0,350.0,186.0,77.69476294517517,93.43001332879066,-18.73568820953369,0.38453665375709534
1.0,354.0,186.0,69.60665845870972,97.75096988677979,-23.881870955228806,0.5509892702102661
1.0,358.0,186.0,66.09777331352234,102.12277317047119,-24.999629318714142,0.42107483744621277
0.0,362.0,186.0,64.71832954883575,101.43500518798828,-23.25181770324707,0.08585800230503082
1.0,310.0,190.0,46.835230588912964,79.32520341873169,17.99119234085083,0.07758666574954987
1.0,310.0,190.0,54.309178829193115,69.37082433700562,13.88857352733612,0.09100164473056793
1.0,314.0,190.0,66.57495021820068,68.26865768432617,9.465597152709961,0.3114064037799835
1.0,318.0,190.0,72.88237383961678,70.33746480941772,7.865269899368286,0.440258651971817
1.0,322.0,190.0,75.74150848388672,74.15625953674316,3.8046009093523026,0.6853917241096497
1.0,326.0,190.0,75.86208391189575,77.26894950866699,0.04363822937011719,0.7301685214042664
1.0,330.0,190.0,75.53999400138855,80.01388549804688,-3.889232635498047,0.40192559361457825
1.0,330.0,190.0,77.13034796714783,81.2062816619873,-2.130647659301758,0.3687421977519989
1.0,334.0,190.0,77.16968846321106,81.75946617126465,-5.723199963569641,0.620683491230011
1.0,338.0,190.0,77.47088837623596,82.44106674194336,-9.483846664428711,0.6341874003410339
1.0,342.0,190.0,77.11912369728088,84.6228551864624,-13.65490436553955,0.5606558322906494
1.0,346.0,190.0,73.43316268920898,86.61328473687172,-18.185381412506104,0.45885810256004333
1.0,346.0,190.0,77.24872064590454,87.43464851379395,-16.24753761291504,0.3348725736141205
1.0,350.0,190.0,69.92254114151001,91.43942022323608,-21.5688636302948,0.6535373330116272
1.0,354.0,190.0,65.30606830120087,96.86435413360596,-24.682984203100204,0.49916502833366394
1.0,358.0,190.0,60.93850135803223,100.43126487731934,-25.536596536636353,0.36877280473709106
1.0,310.0,194.0,53.57892656326294,66.30683660507202,13.16920292377472,0.26182371377944946
1.0,314.0,194.0,64.81570672988892,65.77912545204163,7.170825719833374,0.38290467858314514
1.0,318.0,194.0,69.42253875732422,66.82683652639389,5.988765716552734,0.5512027144432068
1.0,322.0,194.0,73.15873357653618,69.47094011306763,1.7779629230499268,0.6096016764640808
1.0,326.0,194.0,74.40491652488708,72.88703680038452,-1.61173677444458,0.7145084738731384
1.0,330.0,194.0,74.13587093353271,75.31964492797852,-4.671309471130371,0.6855409741401672
1.0,334.0,194.0,74.02807092666626,76.65681648254395,-8.449604034423828,0.44112271070480347
1.0,338.0,194.0,70.2196364402771,80.34272909164429,-13.565751075744629,0.21504388749599457
1.0,338.0,194.0,73.70054990053177,77.42687225341797,-11.548127174377441,0.16937102377414703
1.0,338.0,194.0,74.6329140663147,79.99328899383545,-10.75377368927002,0.2529509663581848
1.0,342.0,194.0,69.13690757751465,83.40722250938416,-17.12422275543213,0.6429992318153381
1.0,346.0,194.0,66.82847452163696,85.91829931735992,-19.75940990447998,0.7106626629829407
1.0,350.0,194.0,63.91071853041649,91.37286567687988,-22.615602374076843,0.5838698148727417
1.0,354.0,194.0,58.505038261413574,95.3984203338623,-25.25204110145569,0.4391355812549591
1.0,358.0,194.0,56.619225025177,98.2989559173584,-25.136158108711243,0.18665046989917755
1.0,306.0,198.0,43.88837003707886,61.36011719703674,13.270022630691528,0.08241238445043564
1.0,310.0,198.0,51.483598709106445,62.855191230773926,11.607052266597748,0.4068918824195862
1.0,314.0,198.0,56.595608711242676,62.22101140022278,7.898677349090576,0.42040225863456726
1.0,318.0,198.0,65.74008989334106,64.45850849151611,3.463151454925537,0.67270827293396
1.0,322.0,198.0,69.20160579681396,66.41666632890701,-0.1278071403503418,0.6475434303283691
1.0,326.0,198.0,71.5265212059021,69.04171288013458,-4.226875305175781,0.623212993144989
1.0,330.0,198.0,71.88200962543488,70.95084357261658,-7.361114501953125,0.5777029395103455
1.0,334.0,198.0,71.11210536956787,72.12930727005005,-10.916783332824707,0.41373327374458313
1.0,338.0,198.0,64.56977528333664,78.20591449737549,-15.926531791687012,0.3306128680706024
1.0,342.0,198.0,62.153167724609375,81.56013488769531,-18.865972995758057,0.5100976228713989
1.0,346.0,198.0,59.286499977111816,85.72599792480469,-21.652765035629272,0.4091620147228241
1.0,350.0,198.0,55.698710918426514,91.53175735473633,-24.128791898489,0.30522850155830383
1.0,354.0,198.0,53.8234224319458,95.46404075622559,-25.902625799179077,0.156393900513649
0.0,358.0,198.0,25.943239867687225,109.55748760700226,-19.6315279006958,0.032090310007333755
0.0,358.0,198.0,55.6783504486084,95.03376626968384,-24.464134261012077,0.028114302083849907
0.0,358.0,198.0,41.3823299407959,113.0372543334961,-19.874579429626465,0.054140083491802216
1.0,306.0,202.0,42.96293354034424,57.85681629180908,12.140480365604162,0.1734047830104828
1.0,310.0,202.0,48.3473106008023,60.56399917602539,10.005701541900635,0.551359236240387
1.0,314.0,202.0,52.93461275100708,60.36474537849426,5.662143707275391,0.7009021043777466
1.0,318.0,202.0,62.81770420074463,62.845213890075684,0.5429072380065918,0.5306456685066223
1.0,322.0,202.0,65.02683973312378,63.93923592567444,-2.4422483444213867,0.6997916102409363
1.0,326.0,202.0,66.70925378799438,66.16033565998077,-6.256755828857422,0.6360845565795898
1.0,330.0,202.0,67.59348821640015,68.34725606441498,-9.803611755371094,0.49281153082847595
1.0,334.0,202.0,66.22798490524292,70.34669971466064,-13.411433219909668,0.26142147183418274
1.0,338.0,202.0,58.989590644836426,75.72131061553955,-16.994693279266357,0.15178684890270233
1.0,338.0,202.0,51.08205509185791,76.84206938743591,-16.160585165023804,0.0965372771024704
1.0,342.0,202.0,56.24028158187866,79.78846216201782,-19.489652156829834,0.13066259026527405
1.0,342.0,202.0,47.70654296875,82.05007004737854,-19.65821385383606,0.16874487698078156
1.0,346.0,202.0,53.42956066131592,86.84319379925728,-23.098569631576538,0.0904371440410614
1.0,346.0,202.0,39.23898059129715,88.13488960266113,-22.900447845458984,0.12041273713111877
0.0,350.0,202.0,26.324390292167664,107.35472369194031,-20.59985637664795,0.10227745771408081
1.0,306.0,206.0,41.00615215301514,54.57299041748047,10.390462875366211,0.21816901862621307
1.0,310.0,206.0,45.60721254348755,57.5909423828125,7.160220623016357,0.6040507555007935
1.0,314.0,206.0,49.689900159835815,58.8677921295166,3.152346611022949,0.7280134558677673
1.0,318.0,206.0,51.80438709259033,59.685580253601074,-1.4528884887695312,0.2610628604888916
1.0,318.0,206.0,52.20216631889343,60.37760353088379,0.19496726989746094,0.45528173446655273
1.0,322.0,206.0,55.07514762878418,60.62841749191284,-3.682116985321045,0.2384571135044098
1.0,322.0,206.0,61.1863431930542,63.377397298812866,-3.635423183441162,0.40338361263275146
1.0,326.0,206.0,62.30240058898926,65.15813767910004,-7.21268367767334,0.46986499428749084
1.0,330.0,206.0,56.46025466918945,64.99529457092285,-9.571014821529388,0.20801082253456116
1.0,330.0,206.0,62.071749687194824,67.15213587880135,-11.182868003845215,0.2359687089920044
1.0,334.0,206.0,53.99918556213379,68.79104232788086,-11.335692882537842,0.0729575827717781
1.0,334.0,206.0,49.948577880859375,72.96874284744263,-15.336497783660889,0.13369008898735046
1.0,338.0,206.0,43.93075752258301,78.48093914985657,-18.353967905044556,0.1832609921693802
1.0,342.0,206.0,35.995253562927246,83.81074619293213,-21.65188217163086,0.12242978811264038
0.0,346.0,206.0,20.72437858581543,103.19259262084961,-21.724937200546265,0.049504753202199936
1.0,346.0,206.0,13.591380655765533,87.79015350341797,-23.71442222595215,0.03226122632622719
1.0,346.0,206.0,28.806302070617676,89.51025867462158,-24.376524448394775,0.06333759427070618
0.0,350.0,206.0,19.74741554260254,106.27215480804443,-20.524023294448853,0.05598682165145874
1.0,306.0,210.0,40.53375434875488,50.54695701599121,10.062884092330933,0.4164498746395111
1.0,310.0,210.0,44.01643180847168,53.4564266204834,4.978149890899658,0.5892230272293091
1.0,314.0,210.0,45.85444927215576,56.33713960647583,1.5533790588378906,0.4486198425292969
1.0,314.0,210.0,46.70816099643707,56.50417470932007,1.3557205200195312,0.3376920521259308
1.0,318.0,210.0,48.77916717529297,58.246039390563965,-1.1209325790405273,0.650627076625824
1.0,322.0,210.0,51.10983848571777,59.81602144241333,-3.965144157409668,0.709473729133606
1.0,326.0,210.0,52.08668804168701,62.350894927978516,-8.110055923461914,0.6398277282714844
1.0,330.0,210.0,51.231271743774414,65.54784202575684,-10.635031938552856,0.30571630597114563
1.0,334.0,210.0,47.89976978302002,68.98271942138672,-12.67237663269043,0.04941253364086151
1.0,334.0,210.0,41.361271381378174,74.82827949523926,-16.32156538963318,0.09822236001491547
1.0,342.0,210.0,10.328543424606323,86.42065048217773,-20.686535596847534,0.05417776107788086
1.0,342.0,210.0,26.568571090698242,86.2672348022461,-23.573340892791748,0.04035113379359245
1.0,346.0,210.0,7.261662006378174,87.33152389526367,-23.879991054534912,0.049953605979681015
1.0,302.0,214.0,39.60948038101196,45.144989013671875,13.22056531906128,0.10851540416479111
1.0,302.0,214.0,37.817965507507324,45.774179458618164,13.050503075122833,0.0609842874109745
1.0,306.0,214.0,42.364360332489014,46.43032646179199,9.795285701751709,0.22673413157463074
1.0,306.0,214.0,40.77488088607788,47.070003509521484,9.958574295043945,0.32778218388557434
1.0,310.0,214.0,44.23505675792694,49.22154378890991,4.998430252075195,0.3232157826423645
1.0,310.0,214.0,43.32036876678467,49.74047660827637,5.13780403137207,0.32849109172821045
1.0,314.0,214.0,45.30642890930176,52.39654743671417,0.9393901824951172,0.6995816826820374
1.0,318.0,214.0,46.22032928466797,54.89703941345215,-2.6241250038146973,0.7393360733985901
1.0,322.0,214.0,47.41808557510376,57.415759801864624,-5.882974147796631,0.7283188104629517
1.0,326.0,214.0,47.58480787277222,60.7721061706543,-10.229905053973198,0.5376335978507996
1.0,330.0,214.0,44.81983923912048,64.36517715454102,-12.483413696289062,0.18447233736515045
1.0,302.0,218.0,42.86692571640015,40.10244369506836,10.365503072738647,0.44040706753730774
1.0,306.0,218.0,44.08503174781799,42.39221668243408,7.226305723190308,0.5808563828468323
1.0,310.0,218.0,44.72290349006653,45.7284460067749,4.490701675415039,0.4284525513648987
1.0,310.0,218.0,44.59001088142395,41.94591999053955,2.874569892883301,0.27470511198043823
1.0,314.0,218.0,45.47284817695618,48.67311716079712,0.0412139892578125,0.7772896885871887
1.0,318.0,218.0,45.4805006980896,51.53586411476135,-3.9330897331237793,0.7665485143661499
1.0,322.0,218.0,44.91790151596069,54.62076115608215,-7.940014123916626,0.7029910683631897
1.0,326.0,218.0,42.3284310195595,58.26465129852295,-12.246543407440186,0.41601571440696716
1.0,330.0,218.0,39.324933767318726,61.79119110107422,-14.005996227264404,0.12170622497797012
1.0,298.0,222.0,42.276981830596924,33.20071315765381,12.684796333312988,0.19076526165008545
1.0,302.0,222.0,45.458186984062195,35.997002601623535,8.40603382885456,0.5876858234405518
1.0,306.0,222.0,45.61739778518677,38.37416076660156,4.409925699234009,0.7421248555183411
1.0,310.0,222.0,45.503987550735474,42.51052188873291,2.9179611206054688,0.3446723520755768
1.0,310.0,222.0,45.248629331588745,39.431023597717285,0.7773542404174805,0.466246098279953
1.0,314.0,222.0,45.24766945838928,44.786705017089844,-1.2603473663330078,0.797516942024231
1.0,318.0,222.0,44.44583773612976,47.71330547332764,-5.988438606262207,0.7990018129348755
1.0,322.0,222.0,42.0989994853735,51.06193399429321,-10.705373466014862,0.7196387648582458
1.0,326.0,222.0,37.79536008834839,55.04367172718048,-14.53992223739624,0.3647325038909912
1.0,298.0,226.0,46.361103653907776,29.935246467590332,10.171247482299805,0.4900890290737152
1.0,302.0,226.0,47.11727973818779,31.754964351654053,5.605240821838379,0.7166128754615784
1.0,306.0,226.0,46.89725065231323,34.689204692840576,2.029216766357422,0.8150119185447693
1.0,310.0,226.0,46.14047968387604,36.669593811035156,-1.3092575073242188,0.70371413230896
1.0,314.0,226.0,44.96643352508545,40.81243324279785,-3.698929786682129,0.7418259382247925
1.0,318.0,226.0,43.34706377983093,43.216299057006836,-8.020211458206177,0.775324285030365
1.0,322.0,226.0,39.07056403160095,45.257001876831055,-13.15173625946045,0.578115701675415
1.0,326.0,226.0,35.5534029006958,50.181084871292114,-14.169747352600098,0.123784638941288
1.0,294.0,230.0,46.13145136833191,23.139744997024536,11.9124014377594,0.29294049739837646
1.0,298.0,230.0,48.64513385295868,24.34150457382202,7.435076355934143,0.6748043298721313
1.0,302.0,230.0,48.877867102622986,26.781121829524636,2.5650458335876465,0.8182191848754883
1.0,306.0,230.0,48.18674498796463,30.314428567886353,-0.32682037353515625,0.8394655585289001
1.0,310.0,230.0,47.00264164805412,33.16659641265869,-3.4907846450805664,0.8077558279037476
1.0,314.0,230.0,44.32418632507324,37.54915809631348,-6.155907392501831,0.5356619954109192
1.0,314.0,230.0,45.82426953315735,35.04556941986084,-6.285587310791016,0.30012232065200806
1.0,318.0,230.0,41.70855987071991,38.86271286010742,-11.036168694496155,0.6864632964134216
1.0,322.0,230.0,37.62739610671997,42.10350704193115,-14.552127361297607,0.20665663480758667
1.0,294.0,234.0,49.288625836372375,18.046995162963867,8.39652331918478,0.5744830369949341
1.0,298.0,234.0,50.65653467178345,19.580020904541016,4.053506374359131,0.7487422823905945
1.0,302.0,234.0,50.22395300865173,22.52518653869629,-0.18700695037841797,0.7954345345497131
1.0,306.0,234.0,49.397095918655396,25.78429126739502,-3.137300491333008,0.8198226690292358
1.0,310.0,234.0,47.836211919784546,29.089797973632812,-5.785735130310059,0.7901465892791748
1.0,314.0,234.0,43.17226552963257,35.35795593261719,-9.615434348583221,0.25465333461761475
1.0,314.0,234.0,46.31855571269989,31.663695335388184,-7.428989410400391,0.4392183721065521
1.0,318.0,234.0,39.62977170944214,37.13828659057617,-13.793831586837769,0.16445966064929962
1.0,318.0,234.0,36.89154815673828,34.07425117492676,-14.607521057128906,0.2846870422363281
1.0,290.0,238.0,48.3681446313858,13.449467658996582,10.126761317253113,0.30027732253074646
1.0,294.0,238.0,51.49500894546509,14.327104568481445,5.9049553871154785,0.4593826234340668
1.0,298.0,238.0,51.71192169189453,16.452144622802734,1.5246858596801758,0.49241334199905396
1.0,302.0,238.0,50.864806175231934,19.329824924468994,-2.4253005981445312,0.5743558406829834
1.0,306.0,238.0,49.76339936256409,21.939011096954346,-5.208422660827637,0.6444880366325378
1.0,310.0,238.0,48.046678364276886,25.103190898895264,-6.882261276245117,0.5683144927024841
1.0,314.0,238.0,40.81960868835449,28.571197986602783,-13.65158224105835,0.44146421551704407
1.0,286.0,242.0,48.862852573394775,7.439432621002197,11.813397407531738,0.061902523040771484
1.0,286.0,242.0,46.104103088378906,9.424863815307617,12.483606338500977,0.038766585290431976
1.0,290.0,242.0,50.9297091960907,9.5447416305542,6.616365432739258,0.4996858537197113
1.0,294.0,242.0,52.82189413905144,10.62082576751709,2.0018324851989746,0.6631445288658142
1.0,298.0,242.0,53.06429900228977,11.890786170959473,-2.3772289752960205,0.6742689609527588
1.0,302.0,242.0,51.99511921405792,14.356654167175293,-5.877501130104065,0.6090191006660461
1.0,306.0,242.0,49.77598476409912,15.529061317443848,-7.663877725601196,0.4622915983200073
1.0,310.0,242.0,47.21831130981445,16.50133991241455,-9.425043106079102,0.18771198391914368
1.0,310.0,242.0,43.21418285369873,21.25140404701233,-13.458757162094116,0.36547476053237915
1.0,314.0,242.0,38.09444999694824,24.753215551376343,-15.597983837127686,0.2542512118816376
1.0,286.0,246.0,50.19716954231262,3.560487985610962,8.886438369750977,0.44814756512641907
1.0,290.0,246.0,52.638076066970825,5.20233678817749,3.868971824645996,0.6894583106040955
1.0,294.0,246.0,53.94668388366699,6.147655010223389,-0.19299554824829102,0.7563523650169373
1.0,298.0,246.0,53.083510890603065,8.27902364730835,-4.65012314915657,0.6989409923553467
1.0,302.0,246.0,51.272613286972046,10.226765632629395,-8.24631953239441,0.6615894436836243
1.0,306.0,246.0,48.236934185028076,11.873760223388672,-9.958700180053711,0.5610889792442322
1.0,310.0,246.0,40.77675151824951,18.33193826675415,-15.043911457061768,0.3855968713760376
1.0,282.0,250.0,49.660404682159424,-2.3001747131347656,10.594733238220215,0.17011937499046326
1.0,286.0,250.0,52.03777229785919,-0.7734730243682861,5.634378433227539,0.6375623345375061
1.0,290.0,250.0,53.944831907749176,0.17141687870025635,1.745398998260498,0.7605509161949158
1.0,294.0,250.0,53.54690080881119,1.8776047825813293,-2.391536235809326,0.7391017079353333
1.0,298.0,250.0,51.88714289665222,4.0798633098602295,-6.658150672912598,0.6761376261711121
1.0,302.0,250.0,49.446820974349976,6.641413688659668,-10.084474086761475,0.6487604975700378
1.0,306.0,250.0,45.70670557022095,9.258694648742676,-12.40503978729248,0.5310218930244446
1.0,310.0,250.0,37.36945629119873,16.152225971221924,-15.171915054321289,0.2923758327960968
1.0,282.0,254.0,51.28831088542938,-6.617391109466553,7.012317657470703,0.5095627307891846
1.0,286.0,254.0,53.55759686231613,-5.124818325042725,3.2296323776245117,0.7319040298461914
1.0,290.0,254.0,53.80324703454971,-3.569149971008301,-0.41797947883605957,0.7467573881149292
1.0,294.0,254.0,52.91888618469238,-1.240795373916626,-4.44481485337019,0.7229634523391724
1.0,298.0,254.0,50.60860800743103,0.8132963478565216,-7.973859548568726,0.6642234921455383
1.0,302.0,254.0,47.42263698577881,3.453933000564575,-11.249902248382568,0.6044585108757019
1.0,306.0,254.0,43.30834197998047,7.001543998718262,-14.47148323059082,0.36719536781311035
1.0,310.0,254.0,33.1071400642395,14.088459014892578,-15.388849258422852,0.12062378227710724
1.0,278.0,258.0,49.82579183578491,-12.223005294799805,8.780924797058105,0.1652081310749054
1.0,278.0,258.0,44.251787185668945,-12.585142612457275,11.249622821807861,0.1048753634095192
1.0,282.0,258.0,52.40763884782791,-11.129576683044434,4.831067085266113,0.611147403717041
1.0,286.0,258.0,54.07304531335831,-9.123579025268555,0.9737052917480469,0.7656119465827942
1.0,290.0,258.0,53.93650656938553,-7.242691993713379,-2.8319886922836304,0.7517126798629761
1.0,294.0,258.0,52.42517012357712,-5.5613694190979,-5.910955548286438,0.734366774559021
1.0,298.0,258.0,49.32140898704529,-3.1388230323791504,-8.982133865356445,0.6744837760925293
1.0,302.0,258.0,45.31641626358032,-0.05393719673156738,-12.33248233795166,0.5336780548095703
1.0,306.0,258.0,40.735398292541504,3.2296054363250732,-15.15613079071045,0.1339152604341507
1.0,306.0,258.0,34.193129539489746,3.4048237800598145,-15.331515669822693,0.15213944017887115
1.0,274.0,262.0,42.0424747467041,-18.710474967956543,10.791153907775879,0.051893725991249084
1.0,274.0,262.0,49.91982650756836,-21.0928955078125,9.437667489051819,0.06967444717884064
1.0,278.0,262.0,52.005687832832336,-18.308359146118164,5.926050186157227,0.14775350689888
1.0,278.0,262.0,51.61203336715698,-18.46626853942871,6.735834717750549,0.24144089221954346
1.0,282.0,262.0,53.32708706706762,-15.948076248168945,2.3955912590026855,0.5791722536087036
1.0,286.0,262.0,53.84559577703476,-13.327241897583008,-1.3516654968261719,0.7596868872642517
1.0,290.0,262.0,52.72502779960632,-11.579633712768555,-4.398430220782757,0.746406614780426
1.0,294.0,262.0,50.68186140060425,-9.646800994873047,-7.0233542919158936,0.7204080820083618
1.0,298.0,262.0,47.37670373916626,-6.986823081970215,-10.01012372970581,0.6161566376686096
1.0,302.0,262.0,42.78448009490967,-2.807344436645508,-14.43268871307373,0.31446531414985657
1.0,306.0,262.0,29.1077561378479,0.9972476959228516,-14.968731999397278,0.12687239050865173
1.0,270.0,266.0,50.727450370788574,-26.527557373046875,9.043142914772034,0.15576083958148956
1.0,274.0,266.0,51.09764003753662,-23.46425437927246,7.667112946510315,0.43421033024787903
1.0,278.0,266.0,52.50170421600342,-21.853008270263672,4.069796919822693,0.5624908208847046
1.0,282.0,266.0,53.36294174194336,-20.20220375061035,1.3757656514644623,0.5240000486373901
1.0,286.0,266.0,52.86296182870865,-17.03382682800293,-3.413044512271881,0.6224193572998047
1.0,290.0,266.0,51.017396450042725,-15.634963989257812,-5.9565606117248535,0.6751109957695007
1.0,294.0,266.0,48.531954765319824,-12.949026107788086,-8.125264883041382,0.5657029151916504
1.0,298.0,266.0,45.176368713378906,-9.849685668945312,-11.906076908111572,0.3139078915119171
1.0,298.0,266.0,43.12861394882202,-11.000728607177734,-11.963732957839966,0.1929427981376648
1.0,302.0,266.0,33.02217674255371,-6.009335279464722,-14.75773411989212,0.23192106187343597
1.0,250.0,270.0,52.22033953666687,-40.894459545612335,27.08441972732544,0.11916752904653549
1.0,254.0,270.0,53.98757600784302,-39.152772426605225,22.921342849731445,0.21827109158039093
1.0,258.0,270.0,52.80380201339722,-36.53622579574585,18.864392280578613,0.21962225437164307
1.0,262.0,270.0,50.75737249851227,-34.25058460235596,15.494492530822754,0.07837247848510742
1.0,262.0,270.0,53.34603261947632,-34.31091046333313,13.595564484596252,0.15004301071166992
1.0,266.0,270.0,53.15958786010742,-32.04262590408325,10.381124138832092,0.34098348021507263
1.0,270.0,270.0,52.34164524078369,-29.646245002746582,8.123063683509827,0.5550552606582642
1.0,274.0,270.0,53.40054225921631,-28.007790565490723,4.035548806190491,0.6479045748710632
1.0,278.0,270.0,53.694247245788574,-26.019991874694824,1.3885473906993866,0.6841105818748474
1.0,282.0,270.0,53.21096181869507,-23.5988712310791,-1.5675584077835083,0.7396036982536316
1.0,286.0,270.0,51.645156383514404,-20.23895263671875,-4.31635320186615,0.4553406536579132
1.0,290.0,270.0,49.31550312042236,-19.322967052459717,-8.155089855194092,0.49974656105041504
1.0,294.0,270.0,45.10311794281006,-17.072275161743164,-10.57838773727417,0.5682281851768494
1.0,298.0,270.0,39.46507453918457,-14.463240623474121,-13.21404492855072,0.3908739686012268
0.0,302.0,270.0,34.06650269031525,-15.129061698913574,-15.370629072189331,0.05981414020061493
1.0,302.0,270.0,28.015707969665527,-8.547109603881836,-15.029846668243408,0.11196716874837875
1.0,246.0,274.0,53.30378484725952,-45.53099536895752,28.63323998451233,0.17097966372966766
1.0,250.0,274.0,55.92785596847534,-44.87938165664673,24.090484619140625,0.42197099328041077
1.0,254.0,274.0,56.0382513999939,-42.784337282180786,20.203619956970215,0.49604249000549316
1.0,258.0,274.0,55.25094223022461,-41.03184533119202,18.46885108947754,0.2155694216489792
1.0,258.0,274.0,56.80894088745117,-41.0063362121582,15.972877144813538,0.37388524413108826
1.0,262.0,274.0,56.99783098697662,-39.55517303943634,11.699262261390686,0.5765816569328308
1.0,266.0,274.0,56.46837389469147,-37.165439784526825,8.118302941322327,0.6322842240333557
1.0,270.0,274.0,55.98066997528076,-34.31767010688782,4.368272423744202,0.6306794881820679
1.0,274.0,274.0,55.73298621177673,-32.42163944244385,1.3779898583889008,0.7141035795211792
1.0,278.0,274.0,55.314353227615356,-30.26930522918701,-0.8748387098312378,0.7814436554908752
1.0,282.0,274.0,53.91208076477051,-27.282472610473633,-3.4603437185287476,0.8084651231765747
1.0,286.0,274.0,51.67958211898804,-24.17837905883789,-6.7308067083358765,0.5611041188240051
1.0,290.0,274.0,48.31343936920166,-22.924514770507812,-9.851484775543213,0.7213832139968872
1.0,294.0,274.0,42.69588375091553,-20.204862594604492,-12.01106309890747,0.6213562488555908
1.0,298.0,274.0,36.82456707954407,-19.166033267974854,-14.727138429880142,0.37817421555519104
1.0,242.0,278.0,52.82064771652222,-49.08678340911865,29.015617847442627,0.07143069803714752
1.0,246.0,278.0,56.30417776107788,-49.91828536987305,26.4759783744812,0.3146035671234131
1.0,250.0,278.0,57.91468906402588,-47.868945598602295,21.820855140686035,0.46440625190734863
1.0,254.0,278.0,57.76991558074951,-47.24009037017822,18.513798713684082,0.34305500984191895
1.0,254.0,278.0,59.34176176786423,-47.62334632873535,16.582208275794983,0.2697383463382721
1.0,258.0,278.0,60.30579090118408,-45.65571355819702,13.34129011631012,0.59531569480896
1.0,262.0,278.0,60.144166111946106,-43.74234342575073,10.273279786109924,0.6957759261131287
1.0,266.0,278.0,59.531715393066406,-42.11439895629883,5.416983008384705,0.715800404548645
1.0,270.0,278.0,58.95114701986313,-39.14267659187317,2.202638804912567,0.6744904518127441
1.0,274.0,278.0,58.10470160841942,-36.71078717708588,-0.6374560594558716,0.7910984754562378
1.0,278.0,278.0,56.96061861515045,-34.47858691215515,-2.8695253133773804,0.8486859202384949
1.0,282.0,278.0,55.362977266311646,-31.694557666778564,-5.377587199211121,0.8673521280288696
1.0,286.0,278.0,52.54130220413208,-29.089491844177246,-8.849729895591736,0.5997019410133362
1.0,290.0,278.0,47.47492027282715,-26.766393542289734,-12.214280366897583,0.7532804012298584
1.0,294.0,278.0,40.58466386795044,-23.748998403549194,-13.316646456718445,0.5893102884292603
0.0,298.0,278.0,32.92762112617493,-25.02559244632721,-15.861230432987213,0.24230332672595978
1.0,242.0,282.0,55.62104272842407,-56.3435173034668,27.02043318748474,0.29742228984832764
1.0,246.0,282.0,57.14651870727539,-54.8167781829834,24.415435791015625,0.4403856694698334
1.0,250.0,282.0,59.92959403991699,-50.804158210754395,20.811058044433594,0.2633742094039917
1.0,250.0,282.0,61.254459381103516,-53.09246635437012,20.989154815673828,0.27116096019744873
1.0,254.0,282.0,62.15344166755676,-51.44741249084473,14.4028240442276,0.41315314173698425
1.0,258.0,282.0,62.47941493988037,-48.873887062072754,11.87081491947174,0.6267381310462952
1.0,262.0,282.0,62.167044162750244,-46.86988639831543,7.580516934394836,0.6909594535827637
1.0,266.0,282.0,61.50962162017822,-45.68468379974365,3.0398236513137817,0.7677301168441772
1.0,270.0,282.0,60.92509198188782,-43.17010831832886,-0.08821189403533936,0.8049207329750061
1.0,274.0,282.0,60.09020006656647,-40.680615186691284,-2.9054034948349,0.8681628704071045
1.0,278.0,282.0,58.430476932553574,-38.07103402912617,-5.357553839683533,0.9125274419784546
1.0,282.0,282.0,56.40030241012573,-35.95719647407532,-8.686091780662537,0.8787816166877747
1.0,286.0,282.0,53.97284650802612,-33.52961826324463,-10.73915708065033,0.6462763547897339
1.0,290.0,282.0,47.20724868774414,-29.436841011047363,-14.313099265098572,0.6820340156555176
1.0,294.0,282.0,39.090405225753784,-28.103289365768433,-15.206269234418869,0.4590178430080414
1.0,234.0,286.0,53.97417879104614,-61.09619379043579,29.7698535323143,0.17791180312633514
1.0,238.0,286.0,55.304537296295166,-60.737971782684326,28.1569362282753,0.3828161656856537
1.0,242.0,286.0,57.29701471328735,-59.826064109802246,25.368064403533936,0.5302960276603699
1.0,246.0,286.0,58.55657482147217,-58.40940570831299,21.811813354492188,0.5138771533966064
1.0,250.0,286.0,61.870591163635254,-56.012638092041016,19.10990810394287,0.3759252727031708
1.0,254.0,286.0,63.69278383255005,-54.148014068603516,12.166076302528381,0.3396213948726654
1.0,258.0,286.0,63.57247591018677,-51.706674575805664,9.377917885780334,0.5818432569503784
1.0,262.0,286.0,63.16293478012085,-49.32460594177246,5.479962706565857,0.6778804063796997
1.0,266.0,286.0,62.789992809295654,-48.01959228515625,1.750187486410141,0.7765913605690002
1.0,270.0,286.0,62.308974504470825,-46.39382362365723,-0.9638122320175171,0.8381869196891785
1.0,274.0,286.0,61.54191327095032,-44.5879020690918,-4.666545271873474,0.9117591381072998
1.0,278.0,286.0,60.48986482620239,-42.38572883605957,-7.754453063011169,0.9293826818466187
1.0,282.0,286.0,58.17349711060524,-40.64800953865051,-11.32145345211029,0.8577259182929993
1.0,286.0,286.0,55.229161739349365,-37.704420417547226,-13.287906050682068,0.6219483613967896
1.0,290.0,286.0,47.411343574523926,-32.970930099487305,-17.4266197681427,0.5178489685058594
1.0,294.0,286.0,38.40558075904846,-33.69679069519043,-18.961612939834595,0.3378492593765259
1.0,230.0,290.0,55.13257694244385,-66.23514145612717,29.740720510482788,0.14828091859817505
1.0,234.0,290.0,56.985039710998535,-65.2218177318573,27.75867009162903,0.36969149112701416
1.0,238.0,290.0,58.16487407684326,-64.76250720024109,25.21587610244751,0.46861156821250916
1.0,242.0,290.0,59.07085704803467,-63.19068479537964,22.276500701904297,0.40568268299102783
1.0,246.0,290.0,62.94770812988281,-62.57699394226074,17.21916127204895,0.16553397476673126
1.0,246.0,290.0,59.26020336151123,-61.05557727813721,19.89649200439453,0.2970733642578125
1.0,250.0,290.0,63.6022424697876,-59.04755783081055,15.345108937472105,0.25216904282569885
1.0,250.0,290.0,60.32136821746826,-58.61262035369873,17.238839149475098,0.21657072007656097
1.0,254.0,290.0,64.44543743133545,-57.262765884399414,11.621593713760376,0.18154491484165192
1.0,254.0,290.0,63.940653800964355,-55.46893882751465,10.3925119638443,0.2570836544036865
1.0,258.0,290.0,64.13299083709717,-54.021297454833984,6.701467156410217,0.4918978214263916
1.0,262.0,290.0,64.38844919204712,-53.467451095581055,3.207133412361145,0.634939432144165
1.0,266.0,290.0,63.59935712814331,-51.654632568359375,0.16076016426086426,0.7029907703399658
1.0,270.0,290.0,63.110604763031006,-50.13220024108887,-1.9134577512741089,0.8126646876335144
1.0,274.0,290.0,62.57541036605835,-48.276540756225586,-6.024132132530212,0.871728777885437
1.0,278.0,290.0,61.598403215408325,-45.561116218566895,-10.25699269771576,0.7683941721916199
1.0,282.0,290.0,60.41537117958069,-43.268287658691406,-14.567440032958984,0.46543949842453003
1.0,282.0,290.0,60.0388947725296,-44.03627872467041,-13.757217764854431,0.4703814685344696
1.0,286.0,290.0,58.626602470874786,-40.63781547546387,-17.877443313598633,0.6628316044807434
1.0,290.0,290.0,56.373321771621704,-38.70082092285156,-21.63481378555298,0.5613837242126465
1.0,294.0,290.0,41.127665519714355,-37.26486015319824,-22.963757514953613,0.1210702583193779
1.0,294.0,290.0,46.58335304260254,-37.45510959625244,-27.537768840789795,0.19353081285953522
1.0,298.0,290.0,39.9108510017395,-37.18301773071289,-28.625123500823975,0.06822063773870468
1.0,226.0,294.0,58.201186180114746,-72.51611518859863,31.839457988739014,0.10994059592485428
1.0,230.0,294.0,59.34205913543701,-70.36375617980957,29.08371951431036,0.25806906819343567
1.0,234.0,294.0,59.49619388580322,-69.50902342796326,26.662955045700073,0.32367631793022156
1.0,238.0,294.0,59.48540687561035,-67.8179520368576,24.402053833007812,0.2709137201309204
1.0,242.0,294.0,63.219017028808594,-66.60452365875244,18.885347366333008,0.18825072050094604
1.0,242.0,294.0,59.51044464111328,-65.2777818441391,21.55932092666626,0.1582403928041458
1.0,246.0,294.0,63.41807556152344,-64.31423664093018,15.716903775930405,0.28742876648902893
1.0,250.0,294.0,64.29689359664917,-61.84086227416992,12.743837118148804,0.365368127822876
1.0,254.0,294.0,64.66198825836182,-60.45635795593262,9.666361808776855,0.38517504930496216
1.0,258.0,294.0,64.02033710479736,-60.307016372680664,4.994751930236816,0.32573091983795166
1.0,258.0,294.0,64.31760835647583,-57.32283973693848,4.224639534950256,0.1961349993944168
1.0,262.0,294.0,63.029831886291504,-58.43534058332443,-3.8138370513916016,0.19105330109596252
1.0,262.0,294.0,63.345802307128906,-61.2129487991333,2.2124271392822266,0.1713513731956482
1.0,262.0,294.0,63.76705598831177,-56.41976737976074,0.9684160947799683,0.2700440585613251
1.0,266.0,294.0,63.221139430999756,-56.750605404376984,-4.723634719848633,0.2753547728061676
1.0,266.0,294.0,63.45222616195679,-55.79851531982422,-1.420993685722351,0.37180179357528687
1.0,270.0,294.0,64.0192322731018,-54.05418109893799,-5.705436706542969,0.2826785147190094
1.0,270.0,294.0,63.66949701309204,-53.98371124267578,-3.7447484731674194,0.5274556279182434
1.0,274.0,294.0,63.477277755737305,-51.51066970825195,-8.679502487182617,0.4512009620666504
1.0,274.0,294.0,62.940659046173096,-51.103912353515625,-8.380240797996521,0.46939539909362793
1.0,278.0,294.0,62.371641635894775,-49.220237731933594,-12.37187671661377,0.7352957129478455
1.0,282.0,294.0,60.557510018348694,-46.566073417663574,-16.41580104827881,0.870262622833252
1.0,286.0,294.0,58.73154965043068,-44.502203941345215,-20.043959140777588,0.8626776933670044
1.0,290.0,294.0,55.903977394104004,-41.38376045227051,-23.654816269874573,0.7307437658309937
1.0,294.0,294.0,52.48476505279541,-39.71601486206055,-26.671664714813232,0.2726653814315796
1.0,294.0,294.0,48.25288105010986,-40.168147563934326,-29.75497531890869,0.289446085691452
1.0,298.0,294.0,41.99757480621338,-38.90082025527954,-30.52156972885132,0.1828669160604477
1.0,226.0,298.0,66.33794403076172,-79.78975462913513,29.2389554977417,0.31452375650405884
1.0,230.0,298.0,66.04237461090088,-78.32312405109406,26.46812152862549,0.3161298334598541
1.0,234.0,298.0,65.85150003433228,-75.521644115448,23.18661880493164,0.31031620502471924
1.0,238.0,298.0,65.5854811668396,-73.14985251426697,20.230910301208496,0.31744903326034546
1.0,242.0,298.0,65.47044706344604,-70.14024686813354,17.603465795516968,0.35847312211990356
1.0,246.0,298.0,65.41914319992065,-67.68919563293457,14.218933343887329,0.3144647777080536
1.0,250.0,298.0,65.02647113800049,-65.81542205810547,10.714727878570557,0.25977203249931335
1.0,254.0,298.0,64.37787008285522,-64.51235389709473,7.194413185119629,0.33187252283096313
1.0,258.0,298.0,63.94149398803711,-63.5949764251709,3.4167118072509766,0.4417072534561157
1.0,262.0,298.0,62.87733197212219,-61.57370901107788,-3.744901657104492,0.19311164319515228
1.0,262.0,298.0,63.64764881134033,-63.83282947540283,0.4641714096069336,0.34254902601242065
1.0,266.0,298.0,63.43448781967163,-59.92518067359924,-5.420703887939453,0.49891963601112366
1.0,270.0,298.0,64.59300899505615,-57.844431668519974,-6.544095993041992,0.7433120012283325
1.0,274.0,298.0,64.29773426055908,-55.49530780315399,-9.624685287475586,0.8216278553009033
1.0,278.0,298.0,62.2584924697876,-52.818305015563965,-14.794229507446289,0.8702936172485352
1.0,282.0,298.0,60.63727784156799,-50.51436138153076,-18.29833459854126,0.8627380132675171
1.0,286.0,298.0,58.65997815132141,-48.517619132995605,-22.16317892074585,0.79996258020401
1.0,290.0,298.0,54.96483564376831,-46.69693374633789,-26.675836324691772,0.7118157148361206
1.0,294.0,298.0,52.26078176498413,-44.319040298461914,-29.285571098327637,0.44653406739234924
1.0,298.0,298.0,41.01840114593506,-41.842751264572144,-32.74574160575867,0.4253021776676178
1.0,222.0,302.0,68.08997869491577,-84.88854885101318,30.9859619140625,0.18075060844421387
1.0,226.0,302.0,67.99806213378906,-84.26002931594849,29.103821754455566,0.361346036195755
1.0,230.0,302.0,68.02105808258057,-82.54032278060913,25.45641040802002,0.3595753610134125
1.0,234.0,302.0,68.13023900985718,-79.70515847206116,21.3393235206604,0.37064528465270996
1.0,238.0,302.0,68.21066045761108,-76.5241048336029,18.15547490119934,0.37926650047302246
1.0,242.0,302.0,68.29618453979492,-73.79789924621582,14.567361950874329,0.3928541839122772
1.0,246.0,302.0,67.30401468276978,-71.66151332855225,11.186689853668213,0.4218069016933441
1.0,250.0,302.0,65.75769472122192,-69.58197021484375,8.131858348846436,0.4343910813331604
1.0,254.0,302.0,64.63142967224121,-67.72827529907227,5.469396591186523,0.38248446583747864
1.0,258.0,302.0,64.4882345199585,-66.75126266479492,2.792308807373047,0.4085271954536438
1.0,262.0,302.0,63.83504581451416,-65.5271463394165,0.7964572906494141,0.3634912371635437
1.0,266.0,302.0,64.04834651947021,-62.806002616882324,-5.921428680419922,0.6287181377410889
1.0,270.0,302.0,64.9394302368164,-61.19719314575195,-8.400882720947266,0.7779586315155029
1.0,274.0,302.0,64.03505611419678,-58.98914039134979,-11.891047477722168,0.8346728682518005
1.0,278.0,302.0,62.122169733047485,-56.48321062326431,-16.275421142578125,0.7985556125640869
1.0,282.0,302.0,59.97311478853226,-54.50777292251587,-20.557673454284668,0.7444970011711121
1.0,286.0,302.0,57.504836082458496,-52.10026454925537,-24.663924362510443,0.6647462248802185
1.0,290.0,302.0,53.92617416381836,-50.72393035888672,-28.397064208984375,0.5946131348609924
1.0,294.0,302.0,50.553688049316406,-49.508097648620605,-31.12470054626465,0.3495485186576843
1.0,294.0,302.0,45.42007541656494,-47.54659831523895,-33.31971788406372,0.23931574821472168
1.0,298.0,302.0,37.53327226638794,-45.410672068595886,-33.906235694885254,0.4191948473453522
1.0,218.0,306.0,67.29043102264404,-91.98849105834961,34.718929052352905,0.04963969439268112
1.0,218.0,306.0,66.50122404098511,-88.7341833114624,32.97074317932129,0.0658770352602005
1.0,222.0,306.0,68.37921476364136,-88.11266422271729,30.284842491149902,0.28290507197380066
1.0,226.0,306.0,68.55713081359863,-87.15631866455078,27.630135536193848,0.32329070568084717
1.0,230.0,306.0,68.87580871582031,-85.73387336730957,23.932795524597168,0.31976020336151123
1.0,234.0,306.0,70.19631683826447,-84.2078185081482,19.986852169036865,0.3560139834880829
1.0,238.0,306.0,70.95750105381012,-81.77629947662354,16.15209048986435,0.38282105326652527
1.0,242.0,306.0,70.06023955345154,-78.8453369140625,12.418184995651245,0.4316054582595825
1.0,246.0,306.0,68.48203873634338,-76.34999135136604,8.672950744628906,0.5185219645500183
1.0,250.0,306.0,67.31575918197632,-74.25842785835266,5.217219352722168,0.5812699794769287
1.0,254.0,306.0,66.50183343887329,-72.64032649993896,3.352682113647461,0.5576143860816956
1.0,258.0,306.0,65.54602718353271,-70.32134437561035,1.0312185287475586,0.5122606158256531
1.0,262.0,306.0,64.59727001190186,-67.7425708770752,-0.6931571960449219,0.40594691038131714
1.0,266.0,306.0,65.3485779762268,-65.45636129379272,-7.07196044921875,0.6071078777313232
1.0,270.0,306.0,65.26232528686523,-64.47638940811157,-10.458795547485352,0.7723636627197266
1.0,274.0,306.0,63.66633367538452,-62.43878793716431,-14.600934028625488,0.8024537563323975
1.0,278.0,306.0,61.36069583892822,-61.33921241760254,-18.26093101501465,0.7886130809783936
1.0,282.0,306.0,58.69934803247452,-58.8274861574173,-22.589199781417847,0.727840781211853
1.0,286.0,306.0,55.64027166366577,-56.97046047449112,-27.156038284301758,0.5594816207885742
1.0,290.0,306.0,51.77994728088379,-55.627891063690186,-30.980557441711426,0.42114365100860596
1.0,294.0,306.0,41.604820251464844,-51.4205265045166,-34.50214034318924,0.27210766077041626
1.0,298.0,306.0,32.39002439379692,-49.39286994934082,-34.467072784900665,0.1839621663093567
1.0,218.0,310.0,67.95245170593262,-95.23871803283691,33.13639384508133,0.22053925693035126
1.0,222.0,310.0,68.58337306976318,-92.16925621032715,28.87886333465576,0.3096792995929718
1.0,226.0,310.0,69.02777433395386,-90.6079330444336,25.35688018798828,0.3136904239654541
1.0,230.0,310.0,70.17348217964172,-89.317702293396,21.466617584228516,0.3083052933216095
1.0,234.0,310.0,71.34396386146545,-87.63649559020996,18.43252658843994,0.3075672388076782
1.0,238.0,310.0,71.22655659914017,-85.74646949768066,15.041978597640991,0.3140559792518616
1.0,242.0,310.0,70.20910561084747,-83.49170160293579,10.22941541671753,0.37462446093559265
1.0,246.0,310.0,68.94251871109009,-80.980140209198,6.049253463745117,0.4778551757335663
1.0,250.0,310.0,67.90741872787476,-78.45803308486938,3.2895565032958984,0.5567752718925476
1.0,254.0,310.0,67.35281610488892,-76.50589767098427,1.1492700576782227,0.5775956511497498
1.0,258.0,310.0,66.71080493927002,-74.37514877319336,-1.1733360290527344,0.5632063150405884
1.0,262.0,310.0,66.03898811340332,-72.0180516242981,-3.4752960205078125,0.4621345102787018
1.0,266.0,310.0,65.63436508178711,-69.07111549377441,-8.935636520385742,0.5025900602340698
1.0,270.0,310.0,64.78848266601562,-66.9335298538208,-12.982410430908203,0.6934777498245239
1.0,274.0,310.0,63.209054946899414,-65.27404737472534,-17.302654266357422,0.734426736831665
1.0,278.0,310.0,60.33010196685791,-64.38238954544067,-21.447636604309082,0.7075706720352173
1.0,282.0,310.0,57.239415884017944,-62.51701021194458,-24.991758227348328,0.644544780254364
1.0,286.0,310.0,54.053770542144775,-61.580657958984375,-29.21248197555542,0.4225577116012573
1.0,290.0,310.0,48.321099281311035,-58.89834415912628,-34.09072780609131,0.22188279032707214
1.0,294.0,310.0,34.350701451301575,-54.73378849029541,-34.75532400608063,0.15434961020946503
1.0,214.0,314.0,68.0577802658081,-100.46996879577637,32.931616961956024,0.190307155251503
1.0,218.0,314.0,69.24390029907227,-99.24614715576172,30.39705801010132,0.343038946390152
1.0,222.0,314.0,69.76398277282715,-97.44513511657715,26.78598117828369,0.16756671667099
1.0,222.0,314.0,68.5707848072052,-95.4079704284668,26.38612174987793,0.20047326385974884
1.0,226.0,314.0,69.5963761806488,-94.32284927368164,22.164865970611572,0.30998170375823975
1.0,230.0,314.0,70.73010265827179,-93.17677116394043,19.132594108581543,0.31253984570503235
1.0,234.0,314.0,71.44716584682465,-91.15832424163818,16.773157000541687,0.27022746205329895
1.0,238.0,314.0,71.09035158157349,-88.694411277771,13.034565210342407,0.2858526408672333
1.0,242.0,314.0,70.04432678222656,-86.2506742477417,8.402652740478516,0.3368033170700073
1.0,246.0,314.0,69.41465377807617,-84.77003526687622,4.840516090393066,0.3922145962715149
1.0,250.0,314.0,68.37732219696045,-81.90622472763062,1.1081523895263672,0.39893707633018494
1.0,254.0,314.0,67.57032012939453,-79.65129828453064,-1.532430648803711,0.465903103351593
1.0,258.0,314.0,67.31425762176514,-78.26322984695435,-2.620370864868164,0.41596925258636475
1.0,262.0,314.0,66.84149503707886,-75.60397362709045,-4.978372573852539,0.26721179485321045
1.0,262.0,314.0,68.06284952163696,-76.60253715515137,-9.837272644042969,0.3176252245903015
1.0,266.0,314.0,65.49272966384888,-71.43383693695068,-12.12741756439209,0.3124724328517914
1.0,266.0,314.0,69.56752943992615,-75.2488842010498,-13.882359981536865,0.2553238570690155
1.0,270.0,314.0,64.16554689407349,-69.92855548858643,-16.19546604156494,0.6464418172836304
1.0,274.0,314.0,62.82968354225159,-68.5556640625,-19.70537042617798,0.6630690097808838
1.0,278.0,314.0,59.4759436249733,-67.54883480072021,-23.271591663360596,0.5932726263999939
1.0,282.0,314.0,56.1321325302124,-66.25700759887695,-27.274369955062866,0.4850519299507141
1.0,286.0,314.0,51.29547166824341,-64.07745552062988,-32.12864971160889,0.2767700254917145
1.0,290.0,314.0,45.18875312805176,-60.190051317214966,-34.979461669921875,0.07497507333755493
1.0,290.0,314.0,36.12291193008423,-58.161603927612305,-35.17538279294968,0.05510539188981056
1.0,210.0,318.0,66.74049377441406,-105.80977249145508,33.74231484904885,0.16650260984897614
1.0,214.0,318.0,68.76704502105713,-104.34184074401855,31.172786474227905,0.35017848014831543
1.0,218.0,318.0,69.82794094085693,-102.57785034179688,27.744492053985596,0.409795880317688
1.0,222.0,318.0,69.59793949127197,-100.33246994018555,24.135443687438965,0.28900668025016785
1.0,226.0,318.0,70.0101215839386,-98.25430297851562,19.556077003479004,0.27668097615242004
1.0,230.0,318.0,71.32523113489151,-96.64553833007812,17.10875153541565,0.29656052589416504
1.0,234.0,318.0,71.40039378404617,-94.49070739746094,14.238256931304932,0.2549135982990265
1.0,238.0,318.0,70.85223805904388,-92.10394668579102,10.12967824935913,0.285539448261261
1.0,242.0,318.0,69.92831540107727,-89.38987255096436,5.817775726318359,0.36147260665893555
1.0,246.0,318.0,69.27820038795471,-87.71531581878662,2.1043529510498047,0.36352354288101196
1.0,250.0,318.0,68.80138278007507,-86.32435989379883,-0.8024749755859375,0.2324923872947693
1.0,254.0,318.0,68.26324605941772,-83.48160934448242,-2.817708969116211,0.16736681759357452
1.0,254.0,318.0,67.64699077606201,-82.90014266967773,-3.128133773803711,0.2168956995010376
1.0,258.0,318.0,68.32320976257324,-81.3488302230835,-5.94342041015625,0.3798842132091522
1.0,262.0,318.0,69.48792719841003,-80.31292247772217,-9.910595893859863,0.4595019221305847
1.0,266.0,318.0,70.06991004943848,-78.52035903930664,-13.570870876312256,0.45817452669143677
1.0,270.0,318.0,63.559683322906494,-72.55410099029541,-18.715407371520996,0.3391801118850708
1.0,270.0,318.0,70.8074562549591,-77.36088562011719,-18.208236947655678,0.18992432951927185
1.0,274.0,318.0,62.02171087265015,-72.51442337036133,-21.205432653427124,0.4118477702140808
1.0,274.0,318.0,64.38340520858765,-74.43184614181519,-23.527759552001953,0.2188682109117508
1.0,278.0,318.0,58.575944662094116,-70.94000625610352,-24.98435690999031,0.3128206431865692
1.0,278.0,318.0,61.56270909309387,-72.91166591644287,-26.22701358795166,0.22392621636390686
1.0,282.0,318.0,54.65043354034424,-69.34167098999023,-30.023635864257812,0.199243426322937
1.0,282.0,318.0,56.939839124679565,-70.64541912078857,-30.161932468414307,0.21441832184791565
1.0,286.0,318.0,48.794471740722656,-65.73970794677734,-34.05123043060303,0.08536511659622192
1.0,286.0,318.0,52.60029125213623,-69.22630977630615,-33.351104974746704,0.12231779098510742
1.0,210.0,322.0,66.43728303909302,-109.32649850845337,31.305935859680176,0.3078935444355011
1.0,214.0,322.0,68.69578838348389,-107.36167240142822,28.84730577468872,0.4028846025466919
1.0,218.0,322.0,69.46670055389404,-104.67907238006592,25.615711212158203,0.38544413447380066
1.0,222.0,322.0,69.29428195953369,-102.82014083862305,21.013471603393555,0.3009873032569885
1.0,226.0,322.0,69.05283164978027,-101.00124645233154,17.520950317382812,0.08463086187839508
1.0,226.0,322.0,69.98458862304688,-100.38585472106934,16.72941780090332,0.14331771433353424
1.0,226.0,322.0,67.87125968933105,-101.09173202514648,15.26088809967041,0.11199125647544861
1.0,230.0,322.0,70.73695755004883,-99.01075744628906,14.128580212593079,0.2103683352470398
1.0,234.0,322.0,70.65587973594666,-97.27577781677246,10.264150619506836,0.2626982629299164
1.0,238.0,322.0,70.3619875907898,-95.28765869140625,7.519402503967285,0.30199912190437317
1.0,242.0,322.0,70.05166053771973,-93.55181312561035,3.7817249298095703,0.3197546601295471
1.0,246.0,322.0,69.55140542984009,-90.86996173858643,0.49535560607910156,0.18606449663639069
1.0,246.0,322.0,69.05921912193298,-89.65659761428833,1.4403400421142578,0.17137420177459717
1.0,250.0,322.0,68.5737099647522,-88.42481660842896,-2.393132209777832,0.3840602934360504
1.0,254.0,322.0,69.03801608085632,-86.39042377471924,-4.855484962463379,0.4282790720462799
1.0,258.0,322.0,70.03164339065552,-85.12284183502197,-8.176254272460938,0.3536411225795746
1.0,262.0,322.0,70.64286947250366,-83.96519088745117,-11.095810890197754,0.3618435859680176
1.0,266.0,322.0,70.82717669010162,-82.11638355255127,-15.875977516174316,0.40186819434165955
1.0,270.0,322.0,70.11314845085144,-80.35461521148682,-19.243784070014954,0.35536742210388184
1.0,274.0,322.0,66.57851696014404,-76.99951076507568,-26.207419395446777,0.5065867900848389
1.0,278.0,322.0,63.77482008934021,-75.88339900970459,-29.216861724853516,0.5104166269302368
1.0,282.0,322.0,59.84801724366844,-74.00618076324463,-33.07459354400635,0.4393722116947174
1.0,286.0,322.0,54.95039892196655,-71.75522899627686,-35.64402973651886,0.13101740181446075
1.0,210.0,326.0,65.79945707321167,-112.48896789550781,29.04890727996826,0.34649422764778137
1.0,214.0,326.0,67.77555179595947,-110.83975839614868,26.40980339050293,0.41151443123817444
1.0,218.0,326.0,68.85012245178223,-107.93929195404053,22.47110366821289,0.34636375308036804
1.0,222.0,326.0,68.969651222229,-105.35226535797119,18.29912757873535,0.17374287545681
1.0,222.0,326.0,67.60785436630249,-105.2021312713623,16.590892791748047,0.13429830968379974
1.0,226.0,326.0,68.17498636245728,-103.22596740722656,13.696089744567871,0.29248297214508057
1.0,230.0,326.0,69.63091373443604,-101.40979957580566,10.833251953125,0.34224361181259155
1.0,234.0,326.0,70.98745918273926,-99.10625839233398,8.611596584320068,0.2797982394695282
1.0,238.0,326.0,69.97418975830078,-97.58688735961914,4.8954620361328125,0.1957404464483261
1.0,238.0,326.0,71.33347702026367,-97.18975639343262,6.150623321533203,0.11933863908052444
1.0,242.0,326.0,70.14225673675537,-95.6380729675293,2.343210220336914,0.14082561433315277
1.0,242.0,326.0,69.95920395851135,-95.23899808526039,4.155780792236328,0.2021275907754898
1.0,246.0,326.0,69.84942579269409,-93.22249150276184,0.6543254852294922,0.34763383865356445
1.0,250.0,326.0,69.68736457824707,-92.4457278251648,-3.354031562805176,0.4412904679775238
1.0,254.0,326.0,70.36855363845825,-90.41931438446045,-6.258144378662109,0.43070802092552185
1.0,258.0,326.0,71.0699634552002,-88.54820203781128,-10.192129611968994,0.3576326370239258
1.0,262.0,326.0,71.23427414894104,-86.64463806152344,-14.407021045684814,0.34366869926452637
1.0,266.0,326.0,70.65821838378906,-84.70149517059326,-18.33842036128044,0.37860068678855896
1.0,270.0,326.0,69.40577673912048,-83.82023525238037,-21.670170783996582,0.36899664998054504
1.0,274.0,326.0,68.46479225158691,-80.57404363155365,-28.194462776184082,0.4641612768173218
1.0,278.0,326.0,65.97243404388428,-78.8971655368805,-31.262553691864014,0.5188816785812378
1.0,282.0,326.0,62.650338888168335,-77.03572511672974,-34.422889709472656,0.44667136669158936
1.0,286.0,326.0,57.56365633010864,-74.48061752319336,-36.32715952396393,0.10050316900014877
1.0,210.0,330.0,64.02114009857178,-115.50558352470398,26.28865957260132,0.3273901343345642
1.0,214.0,330.0,66.76976299285889,-113.61048674583435,23.409297943115234,0.4102465510368347
1.0,218.0,330.0,68.22099018096924,-110.82906532287598,19.08279037475586,0.2800225019454956
1.0,222.0,330.0,68.34653806686401,-108.45718955993652,15.736898422241211,0.29931604862213135
1.0,226.0,330.0,69.16713905334473,-105.55751895904541,12.213050842285156,0.36845386028289795
1.0,230.0,330.0,70.35419845581055,-103.92045497894287,8.54197359085083,0.43616893887519836
1.0,234.0,330.0,71.48143196105957,-102.48450183868408,5.868716716766357,0.41980111598968506
1.0,238.0,330.0,72.56038475036621,-100.35989761352539,3.414781332015991,0.3109511137008667
1.0,242.0,330.0,70.46514177322388,-99.55116987228394,1.8243389129638672,0.32590892910957336
1.0,246.0,330.0,70.11302828788757,-96.97010493278503,-1.3334922790527344,0.4541551470756531
1.0,250.0,330.0,70.26992416381836,-95.36039849370718,-5.769709587097168,0.4050820767879486
1.0,254.0,330.0,70.98105812072754,-93.98002088069916,-9.488128662109375,0.4060809910297394
1.0,258.0,330.0,71.329580783844,-91.19292879104614,-12.839948654174805,0.37147051095962524
1.0,262.0,330.0,71.35460352897644,-88.81025695800781,-17.04131317138672,0.39187249541282654
1.0,266.0,330.0,70.15198397636414,-87.64885902404785,-20.80201029777527,0.4029828608036041
1.0,270.0,330.0,69.0187439918518,-86.26411437988281,-24.30745220184326,0.3294200897216797
1.0,274.0,330.0,69.36277675628662,-84.00391149520874,-29.211201667785645,0.39127224683761597
1.0,278.0,330.0,67.16445875167847,-82.10500091314316,-32.95683813095093,0.4406352937221527
1.0,282.0,330.0,63.025734186172485,-79.45151948928833,-35.81798565387726,0.3189542293548584
1.0,210.0,334.0,61.64682447910309,-117.13228297233582,25.53795337677002,0.2540477216243744
1.0,214.0,334.0,63.95310592651367,-116.25506311655045,21.07482147216797,0.3644713759422302
1.0,218.0,334.0,66.41439294815063,-114.39489102363586,16.951040267944336,0.16338005661964417
1.0,218.0,334.0,65.58564376831055,-114.31682991981506,17.454402923583984,0.2501896023750305
1.0,222.0,334.0,68.48217296600342,-111.37299299240112,14.455978393554688,0.4238823652267456
1.0,226.0,334.0,68.64569616317749,-109.66736793518066,11.496503829956055,0.43731409311294556
1.0,230.0,334.0,70.2613296508789,-107.59276676177979,7.440451145172119,0.4989602267742157
1.0,234.0,334.0,71.22896003723145,-105.87202548980713,3.769728660583496,0.49885883927345276
1.0,238.0,334.0,72.25215339660645,-104.18029689788818,0.4516264796257019,0.38780441880226135
1.0,242.0,334.0,70.45765471458435,-103.41679573059082,-0.9592475891113281,0.3212870657444
1.0,242.0,334.0,72.56388282775879,-102.2459363937378,-2.8016648292541504,0.17151610553264618
1.0,246.0,334.0,70.05136942863464,-101.19357919692993,-4.330111503601074,0.4790230393409729
1.0,250.0,334.0,69.88194870948792,-99.67332649230957,-7.641000747680664,0.3898894488811493
1.0,254.0,334.0,70.53107213973999,-97.18884122371674,-11.794208526611328,0.36309367418289185
1.0,258.0,334.0,71.33913230895996,-94.24979615211487,-16.39113223552704,0.37700048089027405
1.0,262.0,334.0,70.81247448921204,-92.11776065826416,-19.268705129623413,0.4283319413661957
1.0,266.0,334.0,69.87175226211548,-90.37962770462036,-22.424731254577637,0.4183724522590637
1.0,270.0,334.0,68.73980116844177,-88.35495901107788,-26.27099609375,0.3363388180732727
1.0,274.0,334.0,68.7495985031128,-87.09439039230347,-31.066248893737793,0.33431026339530945
1.0,278.0,334.0,66.0772533416748,-85.48142099380493,-35.156458139419556,0.26180294156074524
1.0,214.0,338.0,60.44409914314747,-118.73130023479462,21.718180656433105,0.18768922984600067
1.0,218.0,338.0,62.733105540275574,-115.67373061180115,17.136194229125977,0.26713383197784424
1.0,222.0,338.0,65.76291465759277,-115.04326152801514,13.711807250976562,0.4148862361907959
1.0,226.0,338.0,68.07427501678467,-112.99096345901489,9.268437385559082,0.5295591950416565
1.0,230.0,338.0,69.29184627532959,-111.31352710723877,5.9883131980896,0.6256032586097717
1.0,234.0,338.0,71.02691841125488,-109.17998123168945,2.2580583095550537,0.6504300236701965
1.0,238.0,338.0,71.71927452087402,-107.46618461608887,-1.2498388290405273,0.5939369797706604
1.0,242.0,338.0,69.71844625473022,-106.57014656066895,-4.3923139572143555,0.23166999220848083
1.0,242.0,338.0,71.55411529541016,-106.06820392608643,-5.112419605255127,0.37603750824928284
1.0,246.0,338.0,69.36943054199219,-105.1209716796875,-7.896117210388184,0.5357828140258789
1.0,250.0,338.0,69.25067019462585,-102.92447996139526,-10.748618125915527,0.4792460799217224
1.0,254.0,338.0,70.03140377998352,-100.16871309280396,-14.948221921920776,0.4285171627998352
1.0,258.0,338.0,70.61533319950104,-97.71214127540588,-19.014720678329468,0.4564111828804016
1.0,262.0,338.0,70.17377924919128,-95.65217618644238,-21.810144186019897,0.4830198287963867
1.0,266.0,338.0,69.33378171920776,-93.0539345741272,-25.086034297943115,0.4492506682872772
1.0,270.0,338.0,68.40477418899536,-91.05296993255615,-28.801345825195312,0.3418411910533905
1.0,274.0,338.0,67.73041868209839,-90.11296939849854,-33.13068509101868,0.24639269709587097
1.0,278.0,338.0,64.02524089813232,-88.24632215499878,-35.737035512924194,0.09842482209205627
1.0,218.0,342.0,58.41726493835449,-118.02389068901539,15.271507263183594,0.10157253593206406
1.0,222.0,342.0,61.44865235686302,-117.78162363171577,12.61098575592041,0.2900695204734802
1.0,226.0,342.0,64.2164089679718,-116.65695345401764,6.279184818267822,0.4929134249687195
1.0,230.0,342.0,67.10082292556763,-114.55995273590088,3.459956407546997,0.6319049596786499
1.0,234.0,342.0,69.03409767150879,-112.79219341278076,0.7121119499206543,0.6710455417633057
1.0,238.0,342.0,69.86282920837402,-110.98911905288696,-2.340202569961548,0.613119900226593
1.0,242.0,342.0,70.27044200897217,-109.68828392028809,-6.967961311340332,0.5918180346488953
1.0,246.0,342.0,68.67197036743164,-108.57368755340576,-10.647570133209229,0.4312191307544708
1.0,246.0,342.0,69.92468547821045,-108.7241792678833,-11.062028884887695,0.21577279269695282
1.0,250.0,342.0,68.85168862342834,-106.06220436096191,-14.179346561431885,0.6265015006065369
1.0,254.0,342.0,69.50370407104492,-103.68314266204834,-18.51329717040062,0.5484670400619507
1.0,258.0,342.0,69.8413999080658,-101.33141422271729,-22.22602081298828,0.476980060338974
1.0,262.0,342.0,69.56839227676392,-99.48770952224731,-24.55662202835083,0.4960113763809204
1.0,266.0,342.0,68.89993333816528,-96.55369687080383,-27.77272605895996,0.4685041904449463
1.0,270.0,342.0,68.23866319656372,-95.17387083172798,-30.924619674682617,0.295546293258667
1.0,274.0,342.0,65.213219165802,-92.45139789581299,-34.610121965408325,0.14528414607048035
1.0,226.0,346.0,60.70098805427551,-118.84621232748032,5.982229709625244,0.24141156673431396
1.0,230.0,346.0,63.50636076927185,-117.42233103513718,3.3592092990875244,0.5310989618301392
1.0,234.0,346.0,65.25170254707336,-116.39108216762543,-0.0014134645462036133,0.6062032580375671
1.0,238.0,346.0,67.32694244384766,-114.66058492660522,-5.071937084197998,0.6799971461296082
1.0,242.0,346.0,68.4531102180481,-112.7600040435791,-8.846842765808105,0.6601613759994507
1.0,246.0,346.0,68.0014853477478,-112.54409217834473,-13.156466960906982,0.23010067641735077
1.0,246.0,346.0,68.25444889068604,-111.48677349090576,-13.841156005859375,0.45232513546943665
1.0,250.0,346.0,68.09921312332153,-110.23779392242432,-17.04357886314392,0.6457942724227905
1.0,254.0,346.0,68.2543420791626,-107.3800220489502,-20.48019504547119,0.6447626352310181
1.0,258.0,346.0,68.5843939781189,-105.094313621521,-24.17837429046631,0.6251876950263977
1.0,262.0,346.0,68.85922694206238,-103.09699153900146,-26.763606071472168,0.5924376249313354
1.0,266.0,346.0,68.4776201248169,-100.89163637161255,-30.686006546020508,0.47976380586624146
1.0,270.0,346.0,68.54540205001831,-99.21481251716614,-32.39151096343994,0.19210857152938843
1.0,230.0,350.0,59.641237616539,-118.62713027000427,3.8789174556732178,0.18388578295707703
1.0,234.0,350.0,60.87285190820694,-117.74731799960136,0.8098815530538559,0.3671109676361084
1.0,238.0,350.0,63.01748251914978,-116.95080614089966,-5.000945091247559,0.5172985196113586
1.0,242.0,350.0,65.46918249130249,-115.63129949569702,-10.28745174407959,0.6555622220039368
1.0,246.0,350.0,66.1357913017273,-114.18760299682617,-15.231271743774414,0.5972110033035278
1.0,250.0,350.0,67.29779815673828,-113.65048217773438,-18.995238184928894,0.43110379576683044
1.0,254.0,350.0,67.5295557975769,-110.81507873535156,-22.306203365325928,0.48133713006973267
1.0,258.0,350.0,67.8873405456543,-108.47165298461914,-24.57626724243164,0.5779198408126831
1.0,262.0,350.0,68.28317022323608,-106.29390907287598,-27.881319046020508,0.5949310064315796
1.0,266.0,350.0,67.97122383117676,-103.99133205413818,-32.68049430847168,0.3903622329235077
1.0,242.0,354.0,63.377599477767944,-117.75490567088127,-10.66369342803955,0.3333362936973572
1.0,246.0,354.0,64.5880377292633,-116.17387652397156,-15.50001335144043,0.597658097743988
1.0,250.0,354.0,66.44047594070435,-114.9342098236084,-20.329613208770752,0.3083079159259796
1.0,250.0,354.0,65.41168546676636,-114.14110851287842,-20.073150634765625,0.2517523765563965
1.0,254.0,354.0,66.67379760742188,-113.19914436340332,-22.659018516540527,0.33985504508018494
1.0,258.0,354.0,67.19883871078491,-111.06272602081299,-24.443450450897217,0.4379912316799164
1.0,262.0,354.0,67.51658248901367,-108.72585773468018,-28.78466033935547,0.4418941140174866
1.0,266.0,354.0,64.61672973632812,-112.09711503982544,-33.16325867176056,0.1429212987422943
1.0,266.0,354.0,68.20461463928223,-105.6976089477539,-32.24992752075195,0.17860987782478333
1.0,246.0,358.0,63.40126705169678,-117.73910409212112,-16.37496566772461,0.2804296016693115
1.0,250.0,358.0,65.19173812866211,-116.72885251045227,-23.84660816192627,0.24121138453483582
1.0,250.0,358.0,65.7831358909607,-115.73366737365723,-21.5102801322937,0.12434154003858566
1.0,250.0,358.0,63.89549255371094,-116.05606627464294,-20.022672653198242,0.18738217651844025
1.0,254.0,358.0,65.46076202392578,-115.28095269203186,-25.59886932373047,0.19678720831871033
1.0,254.0,358.0,65.9407205581665,-114.06503486633301,-24.76566743850708,0.14735013246536255
1.0,258.0,358.0,64.46440505981445,-115.35304927825928,-28.95110511779785,0.18082258105278015
1.0,258.0,358.0,66.62114763259888,-111.54275703430176,-27.83629608154297,0.11679583042860031
1.0,262.0,358.0,63.754411697387695,-115.42674827575684,-32.460835695266724,0.15602172911167145
1.0,262.0,358.0,67.00161552429199,-108.04345798492432,-31.57540798187256,0.08246463537216187
1.0,250.0,362.0,59.95455074310303,-118.9541947171092,-24.806092262268066,0.21060341596603394
1.0,254.0,362.0,59.62024688720703,-118.3415539264679,-27.35399103164673,0.17297488451004028
