inlier,x,y,X,Y,Z,conf
0.0,386.0,114.0,78.2482003569603,92.68183997273445,-9.757059574127197,0.09390714019536972
0.0,390.0,114.0,73.98240852355957,92.8674578666687,-20.574920654296875,0.05055714771151543
0.0,390.0,114.0,77.34562039375305,95.214674949646,-15.33759880065918,0.056209251284599304
0.0,394.0,114.0,72.63638591766357,94.68337345123291,-21.459332942962646,0.08342789858579636
0.0,382.0,118.0,78.23610746860504,85.53723049163818,-4.100149571895599,0.1188446581363678
0.0,386.0,118.0,69.88226556777954,90.31022071838379,-19.08117437362671,0.08164872229099274
0.0,386.0,118.0,77.38231372833252,86.95284414291382,-9.152116298675537,0.13422730565071106
0.0,390.0,118.0,70.1541256904602,90.13339161872864,-20.793675661087036,0.07512909173965454
0.0,382.0,122.0,76.95809268951416,81.54774188995361,-1.6834540367126465,0.06315803527832031
0.0,386.0,122.0,67.92560720443726,87.17737512290478,-18.19616985321045,0.12154322862625122
0.0,386.0,122.0,76.27111911773682,82.97671318054199,-8.617705821990967,0.09690576791763306
0.0,390.0,122.0,67.15683126449585,86.94081597030163,-19.272618770599365,0.10118524730205536
0.0,386.0,126.0,71.58892571926117,73.34905958175659,-2.1959915161132812,0.09171784669160843
0.0,390.0,126.0,62.98434603214264,83.48233985900879,-17.86932373046875,0.0895349457859993
0.0,398.0,126.0,57.170923709869385,90.8239676952362,-20.216461658477783,0.11170657724142075
0.0,386.0,130.0,67.82874298095703,69.46711587905884,-0.6682486534118652,0.09211043268442154
0.0,390.0,130.0,67.6927981376648,68.90385055541992,-4.111645221710205,0.06479918211698532
0.0,386.0,154.0,43.39528703689575,52.08535671234131,6.974615573883057,0.09006480872631073
0.0,386.0,158.0,41.790828227996826,49.842087745666504,8.709281921386719,0.15645188093185425
0.0,390.0,158.0,43.43459665775299,49.9841251373291,-5.015841007232666,0.0913696363568306
0.0,386.0,162.0,43.68754053115845,39.86954879760742,10.438595533370972,0.06945087760686874
0.0,386.0,162.0,41.29765558242798,49.55868721008301,10.321712017059326,0.13695575296878815
0.0,390.0,162.0,43.93140375614166,48.39654207229614,-3.175353527069092,0.08238057792186737
0.0,390.0,162.0,44.67951965332031,35.144277572631836,5.0116126537323,0.057754501700401306
0.0,386.0,166.0,43.78514504432678,37.66844940185547,10.662184238433838,0.07319610565900803
0.0,386.0,166.0,40.709341049194336,49.915029525756836,10.36364471912384,0.08148812502622604
0.0,390.0,166.0,44.923155307769775,34.07752799987793,5.940385580062866,0.09078557044267654
0.0,390.0,170.0,44.973488569259644,30.880752086639404,7.6504852175712585,0.09443314373493195
0.0,390.0,170.0,42.393911838531494,50.332054138183594,8.06959342956543,0.04918963089585304
0.0,398.0,186.0,65.5802903175354,-70.81514930725098,8.049530982971191,0.01568225771188736
0.0,398.0,186.0,59.428210735321045,89.02379977703094,-18.650797843933105,0.03014903888106346
0.0,402.0,186.0,67.65414524078369,-59.168888330459595,-12.533514976501465,0.02790798433125019
0.0,402.0,186.0,64.25213623046875,-72.38463163375854,9.459399223327637,0.03267667442560196
0.0,402.0,186.0,59.48425054550171,88.9873298406601,-20.7370023727417,0.04177787899971008
0.0,398.0,190.0,66.26790475845337,-72.51992511749268,4.911402702331543,0.039595071226358414
0.0,398.0,190.0,62.85759395360947,91.01035499572754,-19.390811920166016,0.027655381709337234
0.0,402.0,190.0,65.36261415481567,-74.35121941566467,6.299286842346191,0.051148030906915665
0.0,402.0,190.0,60.94690132141113,89.52310228347778,-21.33548665046692,0.07564250379800797
0.0,406.0,190.0,66.55489826202393,-65.3555679321289,-13.75127124786377,0.06318709254264832
0.0,406.0,190.0,64.90947437286377,-77.30299246311188,7.702387809753418,0.03506782278418541
0.0,406.0,190.0,60.53044414520264,89.77859425544739,-23.09324812889099,0.042939551174640656
0.0,410.0,190.0,64.89681005477905,-67.55140590667725,-17.343661785125732,0.034965336322784424
0.0,410.0,190.0,68.50551319122314,-83.89843201637268,-28.92435359954834,0.02972773276269436
0.0,394.0,194.0,67.69451332092285,-75.29886949062347,5.023419380187988,0.08602557331323624
0.0,398.0,194.0,67.05809307098389,-76.8041970571503,4.935216903686523,0.12696005403995514
0.0,402.0,194.0,67.0379376411438,-77.6162161231041,5.138728141784668,0.1295643448829651
0.0,402.0,194.0,64.34760969877243,90.28998255729675,-21.434374570846558,0.06824901700019836
0.0,406.0,194.0,66.4857587814331,-78.62047064304352,4.352606773376465,0.05967617779970169
0.0,406.0,194.0,62.862514436244965,90.4007248878479,-23.017529845237732,0.08583242446184158
0.0,406.0,194.0,70.18709588050842,-86.40815734863281,-19.673792362213135,0.045847371220588684
0.0,410.0,194.0,65.29287719726562,-68.82581615447998,-14.314882278442383,0.036929305642843246
0.0,410.0,194.0,66.11581182479858,-81.55594110488892,6.667303085327148,0.025622446089982986
0.0,410.0,194.0,62.28750836849213,91.7606873512268,-24.599829465150833,0.0437358096241951
0.0,410.0,194.0,70.20240187644958,-85.7602653503418,-22.29639768600464,0.04538721218705177
0.0,410.0,194.0,68.9245252609253,-83.9768590927124,-28.35466480255127,0.02351294830441475
0.0,390.0,198.0,69.18656969070435,-78.78816413879395,8.250125885009766,0.09419671446084976
0.0,394.0,198.0,68.20494341850281,-77.44905310869217,5.849978446960449,0.21178080141544342
0.0,398.0,198.0,68.51579904556274,-80.52515745162964,4.55921745300293,0.37074771523475647
0.0,402.0,198.0,68.62712860107422,-81.96321487426758,3.935894012451172,0.3668036460876465
0.0,406.0,198.0,68.36078810691833,-82.14732599258423,3.471485137939453,0.11972079426050186
0.0,406.0,198.0,66.50629782676697,89.73541259765625,-21.856257438659668,0.11851991713047028
0.0,406.0,198.0,68.9917938709259,-88.13354206085205,-16.889367938041687,0.17807164788246155
0.0,410.0,198.0,65.29563927650452,91.83620643615723,-23.37342405319214,0.1176799088716507
0.0,410.0,198.0,69.4325180053711,-88.86576080322266,-19.06366229057312,0.14555177092552185
0.0,414.0,198.0,64.84883332252502,93.42122030258179,-24.48334313929081,0.05403238907456398
0.0,414.0,198.0,69.71480321884155,-88.49320983886719,-22.75851058959961,0.07604756951332092
0.0,390.0,202.0,69.08563804626465,-79.56367182731628,8.22014331817627,0.1252783089876175
0.0,394.0,202.0,68.4625608921051,-78.07162082195282,4.461979866027832,0.2627091109752655
0.0,398.0,202.0,68.77932333946228,-81.76838779449463,2.0751285552978516,0.3909526765346527
0.0,402.0,202.0,68.86069536209106,-83.63354253768921,1.398162841796875,0.4435746669769287
0.0,406.0,202.0,68.61972069740295,-84.1568193435669,1.3564090728759766,0.1825532615184784
0.0,406.0,202.0,68.79594659805298,88.80820822715759,-20.204334259033203,0.11617754399776459
0.0,406.0,202.0,68.9871096611023,-89.27814388275146,-14.209757089614868,0.16407182812690735
0.0,406.0,202.0,77.04343175888062,91.16375982761383,-9.148932933807373,0.10965429991483688
0.0,410.0,202.0,68.31720352172852,90.11346912384033,-21.502060413360596,0.19283893704414368
0.0,410.0,202.0,68.89357209205627,-90.35060548782349,-16.891347646713257,0.17588436603546143
0.0,414.0,202.0,67.3480441570282,92.5506362915039,-22.94342851638794,0.16789330542087555
0.0,414.0,202.0,69.05953192710876,-91.21221590042114,-20.140974521636963,0.10652870684862137
0.0,418.0,202.0,66.478755235672,94.28986740112305,-24.1483923047781,0.06128440052270889
0.0,418.0,202.0,69.63566040992737,-91.18894529342651,-22.292908191680908,0.05110562965273857
0.0,390.0,206.0,68.98828721046448,-79.57755541801453,7.54258918762207,0.11152136325836182
0.0,394.0,206.0,68.39648985862732,-79.37799572944641,4.401429176330566,0.20669740438461304
0.0,398.0,206.0,68.61890006065369,-82.32010173797607,1.753103256225586,0.2958817481994629
0.0,402.0,206.0,68.7120189666748,-84.90079021453857,1.6452922821044922,0.39658915996551514
0.0,406.0,206.0,68.42077565193176,-86.09072303771973,1.602621078491211,0.21695400774478912
0.0,406.0,206.0,78.0020762681961,91.2028603553772,-6.874680757522583,0.11403398215770721
0.0,410.0,206.0,70.04703378677368,89.64170360565186,-21.007967472076416,0.13042400777339935
0.0,410.0,206.0,69.59716796875,-91.86243033409119,-15.183441638946533,0.10503601282835007
0.0,410.0,206.0,77.00739526748657,93.21193480491638,-10.122789859771729,0.11503364890813828
0.0,414.0,206.0,69.3662462234497,91.62434720993042,-21.780698537826538,0.12312280386686325
0.0,414.0,206.0,77.17412877082825,94.99233019351959,-11.135129928588867,0.06856692582368851
0.0,418.0,206.0,68.34250020980835,93.21277093887329,-22.948171138763428,0.08412019163370132
0.0,422.0,206.0,67.5291051864624,93.96606397628784,-23.89899206161499,0.04257111996412277
0.0,390.0,210.0,68.42172169685364,-80.80813503265381,8.993077754974365,0.08656871318817139
0.0,394.0,210.0,68.33487606048584,-80.83446264266968,6.787788391113281,0.13418082892894745
0.0,398.0,210.0,68.98152208328247,-83.02675437927246,4.276388168334961,0.17018486559391022
0.0,402.0,210.0,69.22914361953735,-85.18615341186523,3.942582130432129,0.263023316860199
0.0,406.0,210.0,68.83029270172119,-87.11211776733398,4.5118560791015625,0.18051467835903168
0.0,410.0,210.0,68.28270435333252,-87.69500255584717,4.839190483093262,0.046178318560123444
0.0,410.0,210.0,70.41696500778198,90.98370504379272,-21.351211547851562,0.055992212146520615
0.0,410.0,210.0,69.78683710098267,-93.27500915527344,-13.080915451049805,0.05548849329352379
0.0,410.0,210.0,77.88826823234558,93.58880472183228,-9.414340496063232,0.07459425926208496
0.0,414.0,210.0,69.36445140838623,92.4457015991211,-21.728452920913696,0.05785173922777176
0.0,414.0,210.0,77.55457842350006,94.95816028118134,-10.39350414276123,0.047429874539375305
0.0,418.0,210.0,67.84871482849121,-88.76129531860352,6.919999122619629,0.024820471182465553
0.0,418.0,210.0,68.3661561012268,93.35074043273926,-22.238733768463135,0.03538462147116661
0.0,418.0,210.0,78.05383670330048,95.50792360305786,-9.674046993255615,0.029030416160821915
0.0,422.0,210.0,67.39037132263184,-89.96634483337402,8.825113296508789,0.020553814247250557
0.0,422.0,210.0,67.30616617202759,93.50762462615967,-23.285243332386017,0.03387248516082764
0.0,422.0,210.0,78.39490699768066,96.24738931655884,-10.3613920211792,0.018211605027318
0.0,394.0,214.0,68.21534395217896,-81.0299015045166,8.740824222564697,0.08726082742214203
0.0,398.0,214.0,68.94490623474121,-82.93957138061523,5.909781455993652,0.09558644145727158
0.0,402.0,214.0,69.43239712715149,-84.0384693145752,4.494683265686035,0.1448914110660553
0.0,406.0,214.0,69.08130836486816,-86.03415870666504,6.150454521179199,0.14068183302879333
0.0,410.0,214.0,68.2492208480835,-87.30485820770264,7.023777008056641,0.03422616049647331
0.0,410.0,214.0,69.84992551803589,93.94494438171387,-21.454302549362183,0.03316731005907059
0.0,410.0,214.0,78.20104706287384,94.69487929344177,-8.292850255966187,0.05393753573298454
0.0,394.0,218.0,66.89645957946777,-81.83457374572754,10.466611862182617,0.05123240873217583
0.0,402.0,218.0,68.4388735294342,-85.14421463012695,4.856683731079102,0.07280590385198593
0.0,406.0,218.0,68.57289147377014,-86.53929424285889,5.714427947998047,0.08905161172151566
0.0,410.0,218.0,67.98268699645996,-86.6312484741211,8.44397783279419,0.03991023078560829
0.0,410.0,218.0,67.36035490036011,97.19738578796387,-22.604382038116455,0.0401117168366909
0.0,410.0,218.0,78.23514485359192,95.21327805519104,-6.114115238189697,0.050504349172115326
0.0,406.0,222.0,67.80859231948853,-87.55827713012695,7.029314994812012,0.03374967351555824
0.0,410.0,222.0,67.38350200653076,-87.11838245391846,9.263712406158447,0.01814260333776474
0.0,410.0,222.0,64.63669192790985,99.99744701385498,-23.705495238304138,0.023063939064741135
0.0,410.0,222.0,46.249664306640625,120.89323842525482,-9.22566157579422,0.02179805003106594
0.0,410.0,222.0,78.26105499267578,95.69543743133545,-4.2738660871982574,0.022544588893651962
0.0,410.0,226.0,46.06191301345825,120.68893194198608,-8.421470761299133,0.037704527378082275
1.0,410.0,230.0,35.455143451690674,120.95151388645172,11.835514068603516,0.02918935753405094
0.0,410.0,230.0,46.08834648132324,120.91458261013031,-7.024745941162109,0.04373767226934433
0.0,410.0,230.0,53.91645407676697,113.48545868694782,21.447552144527435,0.030110441148281097
1.0,414.0,230.0,36.537790298461914,122.79936814308167,11.731979846954346,0.049189794808626175
0.0,414.0,230.0,43.773470878601074,120.12459444999695,-8.7916499376297,0.06926894187927246
1.0,410.0,234.0,34.14362668991089,121.9427216053009,11.369651317596436,0.03475010767579079
0.0,410.0,234.0,45.268935203552246,121.00957000255585,-6.596494197845459,0.029559174552559853
0.0,410.0,234.0,53.25811815261841,113.76874938607216,20.705762952566147,0.02307083085179329
1.0,414.0,234.0,34.649982213974,123.16204357147217,10.940012216567993,0.05103503540158272
0.0,414.0,234.0,44.13941812515259,120.32939267158508,-7.826935052871704,0.05083189904689789
0.0,418.0,234.0,33.99578356742859,124.02311563491821,11.317745685577393,0.07384730875492096
0.0,418.0,234.0,41.297900676727295,120.92025780677795,-7.794411659240723,0.04708874970674515
0.0,422.0,238.0,30.34703493118286,122.51534104347229,11.114748001098633,0.0489858016371727
0.0,426.0,238.0,29.573622822761536,120.98189055919647,11.985718011856079,0.059003330767154694
0.0,414.0,242.0,30.93511199951172,122.45157265663147,12.68598484992981,0.050007883459329605
0.0,414.0,242.0,52.37208795547485,113.4180578738451,20.676207154989243,0.027505215257406235
0.0,430.0,242.0,28.840858697891235,119.51621270924807,13.80638062953949,0.044340454041957855
0.0,430.0,242.0,3.2052841186523438,122.05173802375793,-2.0273778438568115,0.028710616752505302
0.0,430.0,242.0,39.51876449584961,119.41891646385193,-11.207351207733154,0.022471096366643906
0.0,378.0,254.0,-53.045095920562744,106.34162044525146,14.132049560546875,0.10229387134313583
0.0,382.0,254.0,-46.164137825369835,105.31830501556396,11.118599891662598,0.0772819072008133
0.0,378.0,258.0,-53.64578580856323,105.62000846862793,14.255955219268799,0.11958862841129303
0.0,382.0,258.0,-47.883516907691956,104.79460906982422,11.391597509384155,0.11870012432336807
0.0,438.0,258.0,31.291797816753387,120.68129873275757,14.182779669761658,0.020691055804491043
0.0,438.0,258.0,1.1726558208465576,122.33421635627747,-6.474963545799255,0.02765049785375595
0.0,438.0,258.0,42.11789608001709,117.19399881362915,-14.912101745605469,0.028578827157616615
0.0,382.0,262.0,-49.29569125175476,104.79119300842285,11.966828107833862,0.0830342248082161
0.0,422.0,286.0,73.33608627319336,114.79193615913391,2.231009980545423,0.07342667132616043
0.0,422.0,286.0,78.97551703453064,100.41429281234741,15.344672203063965,0.03841987997293472
0.0,426.0,286.0,73.55363535881042,115.283522605896,0.6382389868358587,0.0925574004650116
0.0,430.0,286.0,73.95454287528992,114.91735482215881,-1.023170689239123,0.07951832562685013
0.0,430.0,286.0,77.14941024780273,99.03758955001831,-2.4744043350219727,0.05066608265042305
0.0,434.0,286.0,73.55518198013306,113.94889640808105,-3.7756130491634394,0.04964006319642067
0.0,434.0,286.0,77.16459441184998,98.87317848205566,-4.035992234945297,0.04925667494535446
0.0,418.0,290.0,77.91231419891119,99.68384146690369,14.956040382385254,0.08695024251937866
0.0,422.0,290.0,72.87289190292358,113.57704639434814,5.545077582703016,0.11131744831800461
1.0,422.0,290.0,78.24718993902206,100.52938783168793,14.540096282958984,0.10825774073600769
0.0,422.0,290.0,77.02886414527893,99.4379014968872,2.760538101196289,0.0573759526014328
0.0,426.0,290.0,73.01153755187988,113.28070259094238,2.93384387146034,0.13165366649627686
1.0,426.0,290.0,77.61380159854889,101.78564977645874,13.736442565917969,0.08271236717700958
0.0,426.0,290.0,77.72023642063141,98.98039627075195,0.2131657600402832,0.12017593532800674
0.0,430.0,290.0,73.17502307891846,113.21416711807251,0.3747501875022863,0.10122272372245789
0.0,430.0,290.0,77.90965867042542,98.85046291351318,-2.5902422666549683,0.15903519093990326
0.0,434.0,290.0,77.98667359352112,99.88053560256958,-5.45271509885788,0.1170487329363823
1.0,418.0,294.0,77.64865356683731,99.22014743089676,15.100392818450928,0.1893044114112854
1.0,422.0,294.0,77.59242513775826,100.51672530174255,13.907307624816895,0.23191790282726288
0.0,422.0,294.0,77.60929822921753,99.12867832183838,4.439937591552734,0.1175975352525711
1.0,426.0,294.0,77.48363265395164,100.98419642448425,13.567895889282227,0.13949713110923767
0.0,426.0,294.0,78.48116594552994,98.24303722381592,1.3981308937072754,0.25959616899490356
0.0,430.0,294.0,78.81116080284119,98.04850816726685,-1.5922036170959473,0.34119683504104614
0.0,434.0,294.0,78.96742594242096,98.30017518997192,-4.544882241636515,0.3172285258769989
0.0,438.0,294.0,78.98646342754364,98.5215950012207,-7.144287109375,0.21203957498073578
0.0,442.0,294.0,78.86861515045166,98.89488887786865,-9.460111618041992,0.10153558105230331
1.0,418.0,298.0,78.50468122959137,97.99185281991959,14.938546180725098,0.2824954688549042
1.0,422.0,298.0,78.45965269207954,98.15417909622192,13.364611625671387,0.3002283275127411
0.0,426.0,298.0,79.32657877355814,96.42971706390381,3.6653079986572266,0.36548125743865967
0.0,430.0,298.0,79.65837749838829,96.18517923355103,1.2769379615783691,0.5168331861495972
0.0,434.0,298.0,79.58597216010094,95.87038898468018,-1.3952381610870361,0.5700793862342834
0.0,438.0,298.0,79.40329322218895,95.30006647109985,-4.3656056225299835,0.5426048040390015
0.0,442.0,298.0,78.8650771677494,95.45746612548828,-7.105319023132324,0.3696446418762207
0.0,446.0,298.0,78.09231889247894,96.10095858573914,-10.556231498718262,0.1700202375650406
0.0,418.0,302.0,79.25828099250793,96.21445846557617,13.213857650756836,0.25314414501190186
0.0,422.0,302.0,79.09860849380493,97.25293052196503,11.483194351196289,0.31346067786216736
0.0,426.0,302.0,79.04855404794216,95.80674171447754,5.005327224731445,0.4977467358112335
0.0,430.0,302.0,79.12379800528288,95.93123722076416,2.2601795196533203,0.6663464307785034
0.0,434.0,302.0,79.02197723090649,95.830482006073,-1.4923996925354004,0.7123446464538574
0.0,438.0,302.0,78.80933353304863,95.31585192680359,-5.255162596702576,0.6270715594291687
0.0,442.0,302.0,78.39978647232056,95.19120264053345,-8.175726413726807,0.44661685824394226
0.0,446.0,302.0,77.79776215553284,95.82104158401489,-11.133435249328613,0.18353845179080963
0.0,418.0,306.0,78.64418214559555,96.58634042739868,12.109660148620605,0.22865082323551178
0.0,422.0,306.0,78.56686389446259,97.15212273597717,10.267219543457031,0.4258272349834442
0.0,426.0,306.0,78.89291575551033,95.09177303314209,6.001858711242676,0.5872037410736084
0.0,430.0,306.0,79.45977438986301,94.75517535209656,2.6674718856811523,0.7334855794906616
0.0,434.0,306.0,79.33327820152044,95.36877226829529,-1.7490220069885254,0.691716194152832
0.0,438.0,306.0,79.10462814569473,95.65291118621826,-5.895458102226257,0.4490020275115967
0.0,442.0,306.0,78.64770370721817,96.09821653366089,-9.534664630889893,0.21423977613449097
0.0,422.0,310.0,78.75374484062195,96.13733911514282,11.377394676208496,0.24115689098834991
0.0,426.0,310.0,79.63444492220879,95.1860761642456,7.161229133605957,0.4410136342048645
0.0,430.0,310.0,79.8747535943985,94.51237261295319,3.2386083602905273,0.5369164347648621
0.0,434.0,310.0,79.79862314462662,94.25227534770966,-1.006298542022705,0.47038373351097107
0.0,438.0,310.0,79.39872466027737,93.7245060801506,-5.648858308792114,0.3968345820903778
0.0,442.0,310.0,78.48862886428833,93.71540313959122,-9.559620380401611,0.23343315720558167
0.0,422.0,314.0,79.64973902702332,94.96324467658997,10.815064430236816,0.20544841885566711
0.0,426.0,314.0,79.58389422297478,92.86811470985413,7.419259071350098,0.5818917155265808
0.0,430.0,314.0,79.49384233355522,92.01582479476929,2.849432945251465,0.7044958472251892
0.0,434.0,314.0,78.87583935260773,91.75069868564606,-2.4756035804748535,0.6059411764144897
0.0,438.0,314.0,78.01520347595215,91.76788640022278,-7.131872653961182,0.43313154578208923
0.0,442.0,314.0,77.1642837524414,91.70511102676392,-10.584803104400635,0.18038155138492584
0.0,422.0,318.0,78.67885160446167,94.50702428817749,11.432713508605957,0.17529787123203278
0.0,426.0,318.0,78.48644018173218,90.67132186889648,6.550351142883301,0.5925996899604797
0.0,430.0,318.0,78.58910149335861,90.31417346000671,0.4639759063720703,0.6767078042030334
0.0,434.0,318.0,77.97322249412537,90.13693571090698,-4.6106841787695885,0.37773144245147705
0.0,438.0,318.0,77.18603444099426,90.26501131057739,-8.58667516708374,0.19707033038139343
0.0,426.0,322.0,78.51124560832977,89.40618300437927,5.873869895935059,0.32488590478897095
0.0,430.0,322.0,78.43284457921982,88.16263675689697,0.24335527420043945,0.42330995202064514
0.0,434.0,322.0,77.91196858882904,87.38243627548218,-4.811898410320282,0.28646236658096313
0.0,438.0,322.0,77.1573805809021,87.53079557418823,-8.971062183380127,0.14620046317577362
0.0,426.0,326.0,77.6813336610794,87.21537733078003,5.000370025634766,0.3876921534538269
0.0,430.0,326.0,77.09467315673828,85.73288106918335,-0.7407932281494141,0.5401980876922607
0.0,434.0,326.0,76.02373695373535,84.74731349945068,-5.287277042865753,0.3811294734477997
0.0,438.0,326.0,75.57022500038147,84.64791488647461,-8.440151691436768,0.1628563106060028
0.0,426.0,330.0,73.55504190921783,75.70936965942383,2.456276774406433,0.25713518261909485
0.0,426.0,330.0,75.94144225120544,85.35460615158081,4.6625823974609375,0.14895743131637573
0.0,430.0,330.0,72.26300796866417,74.19964361190796,-0.4872550964355469,0.3042585849761963
0.0,430.0,330.0,75.42167043685913,82.92562770843506,-1.120445728302002,0.2986811399459839
0.0,434.0,330.0,70.85028576850891,73.05510807037354,-5.23708438873291,0.18058116734027863
0.0,434.0,330.0,75.16436767578125,82.0086898803711,-6.443984866142273,0.1805286705493927
0.0,438.0,330.0,49.149295806884766,56.37800860404968,-11.993474245071411,0.046968087553977966
0.0,438.0,330.0,66.15664839744568,77.44152927398682,-11.400403022766113,0.044765833765268326
0.0,438.0,330.0,69.35714626312256,72.60733938217163,-8.84436321258545,0.08399278670549393
0.0,438.0,330.0,76.67637348175049,81.88671684265137,-10.335334777832031,0.052025485783815384
0.0,426.0,334.0,69.76218581199646,70.58641576766968,2.6180065870285034,0.17549575865268707
0.0,426.0,334.0,53.33450126647949,63.49747850000858,2.1265316009521484,0.08894041180610657
0.0,430.0,334.0,68.98835730552673,69.6230297088623,-0.9187884330749512,0.24025468528270721
0.0,434.0,334.0,49.26381587982178,54.84745454788208,-8.65031111240387,0.18657684326171875
0.0,438.0,334.0,48.03488492965698,56.44124102592468,-11.652665257453918,0.14605414867401123
0.0,426.0,338.0,48.90396922826767,57.60208511352539,2.638821601867676,0.1710774451494217
0.0,430.0,338.0,47.03510856628418,51.37894153594971,-4.958075523376465,0.36045339703559875
0.0,434.0,338.0,46.56364393234253,52.49739283323288,-8.846609830856323,0.3555556535720825
0.0,438.0,338.0,44.971296310424805,52.6499297618866,-11.928486824035645,0.12129496783018112
0.0,426.0,342.0,45.970086097717285,47.38970470428467,0.26996707916259766,0.08589410781860352
0.0,426.0,342.0,45.675822257995605,34.078381061553955,5.070011138916016,0.10773677378892899
0.0,426.0,342.0,44.999807834625244,51.77077388763428,3.5369319915771484,0.09699413180351257
0.0,430.0,342.0,45.23350286483765,47.4484601020813,-5.161289215087891,0.38155803084373474
0.0,434.0,342.0,44.670581102371216,47.999359130859375,-9.205061078071594,0.3594902753829956
0.0,438.0,342.0,43.47533881664276,47.23032331466675,-12.528060913085938,0.10563569515943527
0.0,426.0,346.0,47.16943457722664,33.819111347198486,4.165457248687744,0.148198202252388
0.0,430.0,346.0,44.862159729003906,44.12579822540283,-5.079093933105469,0.24769945442676544
0.0,434.0,346.0,44.28640854358673,44.90960121154785,-9.578964173793793,0.25185370445251465
0.0,426.0,350.0,47.42228197492659,31.575170516967773,4.646747827529907,0.14840306341648102
0.0,430.0,350.0,47.07566222548485,30.77100419998169,-0.174835205078125,0.18201944231987
0.0,434.0,350.0,44.27050566673279,42.8422269821167,-9.232201397418976,0.09699498862028122
0.0,434.0,350.0,46.27576124668121,29.631869316101074,-4.501977920532227,0.04888446629047394
0.0,426.0,354.0,47.63100217282772,28.97235655784607,4.119446277618408,0.11315705627202988
0.0,430.0,354.0,47.48772771283984,28.286154866218567,-0.14835834503173828,0.20836560428142548
0.0,434.0,354.0,46.27385890483856,27.754818618297577,-3.530179977416992,0.08055956661701202
0.0,430.0,358.0,47.79762890934944,25.3320175409317,-0.05596446990966797,0.2014768421649933
0.0,434.0,358.0,47.98027801513672,21.226484298706055,-6.869457483291626,0.06540887802839279
0.0,434.0,358.0,46.5574888586998,25.265735626220703,-2.6502418518066406,0.10531044006347656
0.0,426.0,362.0,48.22296804189682,22.662973403930664,4.471161842346191,0.07944296300411224
0.0,430.0,362.0,50.29341650009155,18.23866081237793,-3.852141410112381,0.09821377694606781
0.0,430.0,362.0,48.337268352508545,22.166358947753906,0.779210090637207,0.1804891675710678
0.0,434.0,362.0,48.749070167541504,19.03042984008789,-6.522152423858643,0.12216003239154816
0.0,434.0,362.0,47.528627045452595,22.65312099456787,-2.0728464126586914,0.09856574237346649
0.0,426.0,366.0,50.45636034011841,15.295815467834473,-0.47566699981689453,0.0641317367553711
0.0,426.0,366.0,48.6986368894577,19.780889987945557,4.894138813018799,0.08508561551570892
0.0,430.0,366.0,50.647565603256226,15.558784484863281,-2.6304500102996826,0.21196426451206207
0.0,430.0,366.0,49.1014119386673,19.382501125335693,1.7617559432983398,0.15910403430461884
0.0,434.0,366.0,49.581732988357544,16.651787757873535,-5.809715270996094,0.18952685594558716
0.0,426.0,370.0,50.6307806968689,12.83532428741455,0.7207145690917969,0.1512032002210617
0.0,426.0,370.0,49.06705319881439,17.39237689971924,5.452641725540161,0.08228933811187744
0.0,430.0,370.0,51.120741844177246,12.597270965576172,-1.2611653804779053,0.3836832344532013
0.0,434.0,370.0,50.10591983795166,13.408831596374512,-4.494798451662064,0.3644443154335022
0.0,438.0,370.0,49.37010049819946,13.934081077575684,-5.986749887466431,0.1507250964641571
0.0,426.0,374.0,50.98592472076416,10.4231538772583,1.8103270530700684,0.23348712921142578
0.0,430.0,374.0,51.34941256046295,9.709298133850098,-0.2822442054748535,0.5003090500831604
0.0,434.0,374.0,50.72456073760986,10.229419708251953,-3.5693612098693848,0.5268773436546326
0.0,438.0,374.0,50.046528577804565,10.860101699829102,-5.590591788291931,0.3276127278804779
0.0,442.0,374.0,49.554521799087524,9.890331268310547,-6.964045524597168,0.12693312764167786
0.0,426.0,378.0,50.95899748802185,6.750884056091309,2.9442920684814453,0.235824316740036
0.0,430.0,378.0,51.3809380531311,6.543031692504883,0.40907764434814453,0.5217775702476501
0.0,434.0,378.0,50.92878818511963,6.764100074768066,-2.5234267711639404,0.5857200622558594
0.0,438.0,378.0,50.228999376297,7.368623733520508,-4.57972078025341,0.4794921875
0.0,442.0,378.0,49.607473611831665,6.6652655601501465,-5.923998236656189,0.17731034755706787
0.0,426.0,382.0,50.46786022186279,2.5730525255203247,4.2900190353393555,0.15444588661193848
0.0,430.0,382.0,51.201069593429565,2.757865309715271,1.4386944770812988,0.4593602120876312
0.0,434.0,382.0,50.746047496795654,3.105660557746887,-1.6955015659332275,0.5542974472045898
0.0,438.0,382.0,50.21227216720581,3.5814590454101562,-3.322683095932007,0.44912466406822205
0.0,442.0,382.0,50.08379101753235,2.8361878395080566,-4.628909945487976,0.26456987857818604
0.0,426.0,386.0,50.57327628135681,-1.5846328735351562,5.051386833190918,0.08182556182146072
0.0,426.0,386.0,48.37521553039551,-5.988910436630249,14.340779259800911,0.050342660397291183
0.0,430.0,386.0,51.21804356575012,-1.6370782852172852,2.2426066398620605,0.3852268159389496
0.0,434.0,386.0,50.91710162162781,-1.0061938762664795,-0.7516019344329834,0.5197674632072449
0.0,438.0,386.0,50.24343419075012,-0.45469558238983154,-2.168111562728882,0.42480897903442383
0.0,442.0,386.0,50.360543727874756,-1.8811309337615967,-2.7492915391921997,0.36234408617019653
0.0,446.0,386.0,50.35521483421326,-3.0701451301574707,-2.70568585395813,0.14165851473808289
0.0,426.0,390.0,50.77681636810303,-6.537364482879639,5.826789855957031,0.048119593411684036
0.0,426.0,390.0,48.64364814758301,-10.230303764343262,14.238896518945694,0.06221587583422661
0.0,430.0,390.0,51.579551219940186,-6.845956802368164,3.34260892868042,0.34675636887550354
0.0,434.0,390.0,51.48104703426361,-6.18348503112793,0.6151986122131348,0.5628747940063477
0.0,438.0,390.0,51.07869553565979,-6.1917548179626465,-0.6475260257720947,0.46063292026519775
0.0,442.0,390.0,51.26877057552338,-7.6438093185424805,-0.791144609451294,0.3984599709510803
0.0,446.0,390.0,51.26400911808014,-9.48944091796875,-0.5919075012207031,0.33969563245773315
0.0,450.0,390.0,50.02236533164978,-9.278779983520508,0.6935563087463379,0.07545267045497894
0.0,426.0,394.0,46.293092489242554,-34.83068799972534,20.945438385009766,0.05371648073196411
1.0,426.0,394.0,50.91976356506348,-28.266016960144043,9.377139687538147,0.07980028539896011
1.0,430.0,394.0,51.68590307235718,-25.850192070007324,6.527432560920715,0.2886394262313843
0.0,434.0,394.0,52.39735156297684,-10.266740798950195,2.081846237182617,0.31103718280792236
0.0,434.0,394.0,51.51471519470215,-23.589637756347656,3.586778998374939,0.3324737548828125
0.0,438.0,394.0,52.132808446884155,-10.934141159057617,0.7571926116943359,0.27231165766716003
0.0,438.0,394.0,51.41470003128052,-23.368003845214844,1.2977177500724792,0.28236624598503113
0.0,442.0,394.0,52.77690050005913,-12.406329154968262,0.1425175666809082,0.1694488525390625
0.0,442.0,394.0,51.464590549468994,-24.598257064819336,-0.5816119909286499,0.3040921688079834
0.0,446.0,394.0,51.70816993713379,-26.35990047454834,-1.1841737031936646,0.3335822820663452
0.0,450.0,394.0,51.981250286102295,-29.862112045288086,-1.8237324953079224,0.22382208704948425
0.0,426.0,398.0,49.87891399860382,-37.181296586990356,19.519471168518066,0.1326965093612671
1.0,426.0,398.0,52.161447525024414,-32.89398813247681,11.574191689491272,0.12248487025499344
1.0,430.0,398.0,53.20857763290405,-31.348841190338135,8.542093396186829,0.482543408870697
1.0,434.0,398.0,53.54387903213501,-29.04555034637451,4.818698287010193,0.6611498594284058
1.0,438.0,398.0,53.781185150146484,-28.322758674621582,2.410788118839264,0.686804473400116
1.0,442.0,398.0,54.05372381210327,-30.71036148071289,0.3853367567062378,0.5657044649124146
1.0,446.0,398.0,54.66157603263855,-33.13380527496338,-0.9538286924362183,0.5067539811134338
0.0,450.0,398.0,54.32131004333496,-35.13700723648071,-1.2996922731399536,0.5048578977584839
0.0,454.0,398.0,54.995644092559814,-37.434791296720505,-2.1099852323532104,0.14199493825435638
1.0,422.0,402.0,52.955721378326416,-39.36710262298584,19.470054626464844,0.16410131752490997
0.0,426.0,402.0,54.69832897186279,-39.38875889778137,18.042929649353027,0.2534031569957733
1.0,426.0,402.0,53.54860973358154,-35.71293663978577,13.822544693946838,0.19379831850528717
1.0,430.0,402.0,54.50567007064819,-34.43051743507385,10.350852608680725,0.5899769067764282
1.0,434.0,402.0,55.4439971446991,-33.54305934906006,6.529448628425598,0.7271850109100342
1.0,438.0,402.0,56.392378091812134,-33.913244009017944,3.9064284563064575,0.7668091654777527
1.0,442.0,402.0,57.04046952724457,-36.71615123748779,1.2797596156597137,0.7264455556869507
1.0,446.0,402.0,57.73644560575485,-39.03956925868988,-0.9124137163162231,0.7112034559249878
0.0,450.0,402.0,57.7903288602829,-40.27788305282593,-1.5967825651168823,0.6880081295967102
0.0,454.0,402.0,57.824124455451965,-42.00972557067871,-1.5066648721694946,0.3442981541156769
1.0,422.0,406.0,56.26830768585205,-41.00071468949318,18.624058723449707,0.24079714715480804
1.0,426.0,406.0,58.25844669342041,-41.29329627752304,17.415563583374023,0.2995545566082001
1.0,426.0,406.0,54.77547597885132,-38.15368941426277,14.503295540809631,0.23117515444755554
1.0,430.0,406.0,56.12157583236694,-37.69397321343422,11.43960154056549,0.6163944602012634
1.0,434.0,406.0,57.393707156181335,-37.692695543169975,7.830730080604553,0.7810794115066528
1.0,438.0,406.0,58.204747304320335,-38.1443839520216,4.2941814661026,0.8058844208717346
1.0,442.0,406.0,59.03719907999039,-40.62560033798218,1.5730928257107735,0.8041491508483887
1.0,446.0,406.0,59.59643375873566,-42.78606605529785,-0.6665550470352173,0.7982034683227539
0.0,450.0,406.0,60.036778688430786,-44.25502061843872,-1.8522886037826538,0.7436350584030151
0.0,454.0,406.0,60.015382528305054,-45.48178958892822,-1.7096236944198608,0.4553344249725342
0.0,458.0,406.0,59.918617248535156,-49.27121067047119,-19.277790069580078,0.12434633821249008
0.0,458.0,406.0,59.84871757030487,-46.56924247741699,-0.2906090021133423,0.08734843879938126
1.0,418.0,410.0,56.29310131072998,-42.80739879608154,20.90713882446289,0.12069121748209
1.0,422.0,410.0,59.17379951477051,-42.65504598617554,18.277923583984375,0.27157384157180786
1.0,426.0,410.0,60.59199619293213,-43.07071805000305,17.14049243927002,0.29558265209198
1.0,426.0,410.0,57.83091312646866,-41.76379132270813,14.02492868900299,0.26358476281166077
1.0,430.0,410.0,59.20651197433472,-41.596739292144775,10.833168625831604,0.6418910622596741
1.0,434.0,410.0,60.28250980377197,-41.54414224624634,7.783455491065979,0.8063608407974243
1.0,438.0,410.0,60.49991750717163,-41.82510209083557,4.767470717430115,0.833016037940979
1.0,442.0,410.0,61.00340533256531,-44.00813627243042,1.5765077844262123,0.8389116525650024
1.0,446.0,410.0,61.25007891654968,-46.0442590713501,-1.2234631776809692,0.7979943156242371
0.0,450.0,410.0,61.40599012374878,-47.345529556274414,-2.2272778749465942,0.7184062600135803
0.0,454.0,410.0,62.08091068267822,-51.49904489517212,-14.988219261169434,0.25616201758384705
0.0,454.0,410.0,61.591593503952026,-48.06050109863281,-1.6875933408737183,0.46469736099243164
0.0,458.0,410.0,60.173712491989136,-52.517940521240234,-19.696119785308838,0.405595988035202
1.0,462.0,410.0,57.632816314697266,-52.83593797683716,-22.97647452354431,0.25014424324035645
1.0,418.0,414.0,60.016180992126465,-45.40710258483887,20.53906536102295,0.2117496132850647
1.0,422.0,414.0,62.16926670074463,-44.31320142745972,18.173169136047363,0.33062925934791565
1.0,426.0,414.0,63.304585456848145,-45.16334533691406,17.135581016540527,0.28442344069480896
1.0,426.0,414.0,60.8293559551239,-45.52746057510376,13.773841500282288,0.2649310827255249
1.0,430.0,414.0,61.69634032249451,-45.264090061187744,11.366758942604065,0.6255228519439697
1.0,434.0,414.0,62.157222747802734,-45.14706468582153,8.37752115726471,0.7936937808990479
1.0,438.0,414.0,62.16897106170654,-46.362470626831055,5.150056719779968,0.8521380424499512
1.0,442.0,414.0,62.105807304382324,-46.982834815979004,1.1234703063964844,0.8740720748901367
1.0,446.0,414.0,62.13841676712036,-48.054327964782715,-1.7189558744430542,0.8389697670936584
1.0,450.0,414.0,62.23395252227783,-48.53522491455078,-2.2267578840255737,0.7043463587760925
1.0,454.0,414.0,62.583187103271484,-52.9517707824707,-14.054361343383789,0.41184931993484497
0.0,454.0,414.0,62.27524948120117,-48.517852783203125,-1.573233962059021,0.42972713708877563
1.0,458.0,414.0,61.03944230079651,-54.80263829231262,-18.010079860687256,0.5941643714904785
1.0,462.0,414.0,58.453209400177,-55.41483974456787,-20.867635250091553,0.429075688123703
1.0,466.0,414.0,55.25613832473755,-57.23877261579037,-25.032252937555313,0.1581524908542633
1.0,414.0,418.0,60.618103981018066,-49.3482723236084,23.2401762008667,0.17243608832359314
1.0,418.0,418.0,62.483642578125,-48.96292781829834,19.94986057281494,0.32850319147109985
1.0,422.0,418.0,63.72997188568115,-48.24123668670654,17.731669425964355,0.4225468635559082
1.0,426.0,418.0,64.10533618927002,-48.78557300567627,16.97679328918457,0.35845839977264404
1.0,426.0,418.0,61.649542570114136,-49.122615814208984,15.173248887062073,0.2547609806060791
1.0,430.0,418.0,62.457130908966064,-48.24791240692139,12.948153138160706,0.626277506351471
1.0,434.0,418.0,62.8660306930542,-48.2960262298584,9.351951241493225,0.8395290374755859
1.0,438.0,418.0,62.59424304962158,-48.16971397399902,5.86493456363678,0.9014155268669128
1.0,442.0,418.0,62.34073853492737,-48.56626796722412,2.139129638671875,0.9060483574867249
1.0,446.0,418.0,61.92957329750061,-48.31138801574707,-1.5118333101272583,0.8304411768913269
1.0,450.0,418.0,64.04380750656128,-53.45210838317871,-9.829150199890137,0.3201374411582947
1.0,450.0,418.0,61.84435439109802,-48.84321308135986,-2.921831965446472,0.6032533645629883
1.0,454.0,418.0,63.83770942687988,-54.623172760009766,-11.808935165405273,0.5438187122344971
0.0,454.0,418.0,62.2492733001709,-49.686774253845215,-2.616885542869568,0.329273521900177
1.0,458.0,418.0,62.28996777534485,-56.592207074165344,-15.429574012756348,0.6562228202819824
1.0,462.0,418.0,60.20752453804016,-58.46389067173004,-18.642507553100586,0.48830315470695496
1.0,466.0,418.0,58.3048432469368,-59.39303946495056,-21.878329753875732,0.23483751714229584
0.0,410.0,422.0,57.238314628601074,-50.36397647857666,26.13059091567993,0.09345394372940063
1.0,414.0,422.0,60.95334529876709,-50.978233337402344,21.921260833740234,0.20800438523292542
1.0,418.0,422.0,63.27931213378906,-50.85569190979004,19.059673309326172,0.3527386486530304
1.0,422.0,422.0,64.89400291442871,-51.22321033477783,17.367335319519043,0.4175141453742981
1.0,426.0,422.0,65.57731056213379,-51.92349815368652,16.307714462280273,0.3316660225391388
1.0,426.0,422.0,62.579326152801514,-52.092641830444336,16.42996656894684,0.22539235651493073
1.0,430.0,422.0,63.62213134765625,-51.758474349975586,13.900292038917542,0.5944005250930786
1.0,434.0,422.0,63.55756902694702,-50.400611877441406,9.961135506629944,0.8380616307258606
1.0,438.0,422.0,63.73534297943115,-51.58233165740967,6.522675633430481,0.8763980865478516
1.0,442.0,422.0,63.072134017944336,-52.04916763305664,2.5646031498908997,0.8478245735168457
1.0,446.0,422.0,62.39483070373535,-51.557793617248535,-0.8374296426773071,0.7617724537849426
1.0,450.0,422.0,65.72612857818604,-57.17678660154343,-7.493766784667969,0.39192306995391846
1.0,450.0,422.0,62.2850878238678,-51.63375377655029,-2.9958232641220093,0.49870529770851135
1.0,454.0,422.0,65.5549669265747,-57.67486360669136,-9.437738418579102,0.6380906105041504
1.0,458.0,422.0,64.17939710617065,-59.425599217414856,-12.939115524291992,0.6842899918556213
1.0,462.0,422.0,63.087191104888916,-62.268189907073975,-16.072653770446777,0.5109736323356628
1.0,466.0,422.0,61.50022292137146,-63.90205764770508,-19.278234004974365,0.2613809108734131
1.0,470.0,422.0,59.632040560245514,-65.04102516174316,-21.569371223449707,0.07981626689434052
0.0,406.0,426.0,48.48617148399353,-65.9760719537735,33.87933921813965,0.07657171785831451
0.0,414.0,426.0,61.43486499786377,-51.67875576019287,21.174410820007324,0.06422536820173264
1.0,414.0,426.0,59.96856689453125,-60.71569633483887,24.232955932617188,0.11479214578866959
1.0,418.0,426.0,63.273518562316895,-52.491150856018066,18.351235389709473,0.11369001865386963
1.0,418.0,426.0,62.862295150756836,-58.76313495635986,20.877137184143066,0.22202734649181366
1.0,422.0,426.0,64.05458927154541,-52.63889694213867,17.278518676757812,0.16458258032798767
0.0,422.0,426.0,66.11981344223022,-63.20334720611572,16.46903121471405,0.1507849544286728
1.0,422.0,426.0,64.3584098815918,-57.4235954284668,18.83436107635498,0.26727360486984253
1.0,426.0,426.0,64.96535873413086,-53.17943286895752,16.222047805786133,0.14525426924228668
1.0,426.0,426.0,66.67487144470215,-59.624799728393555,13.75702178478241,0.27483755350112915
1.0,426.0,426.0,64.69454193115234,-56.10186290740967,15.575828552246094,0.18629774451255798
1.0,430.0,426.0,67.05274868011475,-58.04604911804199,11.275186538696289,0.29287147521972656
1.0,430.0,426.0,64.47415590286255,-54.61769104003906,14.145497918128967,0.3715130686759949
1.0,434.0,426.0,64.62964677810669,-54.596750259399414,9.759400963783264,0.5815399289131165
1.0,438.0,426.0,64.73645067214966,-55.51618576049805,5.987186074256897,0.6130253672599792
1.0,442.0,426.0,64.24739027023315,-56.14052772521973,2.130352020263672,0.5457894206047058
1.0,446.0,426.0,63.2836012840271,-54.9622917175293,-0.7623237371444702,0.5020159482955933
1.0,450.0,426.0,66.95036125183105,-61.266881227493286,-6.124399185180664,0.4932887852191925
0.0,450.0,426.0,62.85528564453125,-55.273277282714844,-3.547279715538025,0.26733896136283875
1.0,454.0,426.0,67.0324330329895,-61.7056622505188,-7.634113311767578,0.674815833568573
1.0,458.0,426.0,66.57971286773682,-63.71031713485718,-10.153396606445312,0.630027711391449
1.0,462.0,426.0,65.37045574188232,-66.52903842926025,-13.174989700317383,0.5039668083190918
1.0,466.0,426.0,64.32509136199951,-68.25188255310059,-16.571077346801758,0.3499259054660797
1.0,470.0,426.0,62.05131125450134,-68.48926639556885,-20.047476291656494,0.09954556822776794
0.0,470.0,426.0,64.00665187835693,-75.16104364395142,-27.087849617004395,0.08131982386112213
1.0,406.0,430.0,51.58496832847595,-70.75299501419067,33.4171781539917,0.10619759559631348
1.0,410.0,430.0,56.60838079452515,-67.90556108951569,29.339753061532974,0.09069149941205978
1.0,414.0,430.0,59.85184574127197,-65.60163748264313,24.947941303253174,0.08418956398963928
0.0,418.0,430.0,65.12268495559692,-69.3020281791687,19.53660488128662,0.10530173033475876
1.0,418.0,430.0,62.4819860458374,-62.758944511413574,21.793770790100098,0.13552974164485931
1.0,422.0,430.0,66.62686491012573,-65.46943759918213,17.593751430511475,0.20998692512512207
1.0,422.0,430.0,64.41056823730469,-60.06511163711548,19.264097213745117,0.17825573682785034
1.0,426.0,430.0,66.92860889434814,-62.39146041870117,15.38727644039318,0.38900357484817505
1.0,430.0,430.0,66.64187669754028,-60.21771430969238,12.194030523300171,0.510272741317749
1.0,434.0,430.0,66.2581729888916,-60.24038314819336,8.951197624206543,0.47049418091773987
1.0,438.0,430.0,64.9882001876831,-61.815428733825684,4.380558967590332,0.5312859416007996
1.0,442.0,430.0,64.80235815048218,-63.53869342803955,0.6589822769165039,0.5591495037078857
1.0,446.0,430.0,65.31938791275024,-63.94270610809326,-0.8925991058349609,0.46494993567466736
1.0,450.0,430.0,68.35124588012695,-65.3860535621643,-4.326515197753906,0.32774674892425537
1.0,450.0,430.0,65.75419855117798,-63.45901107788086,-2.836446762084961,0.35317325592041016
1.0,454.0,430.0,68.01763725280762,-65.08602714538574,-6.272407531738281,0.5591651201248169
1.0,458.0,430.0,67.19001483917236,-67.51807403564453,-9.267350196838379,0.5231419801712036
1.0,462.0,430.0,66.66054582595825,-70.42857265472412,-12.055559158325195,0.4232563078403473
1.0,466.0,430.0,65.2545862197876,-70.83082389831543,-15.108311653137207,0.3286008834838867
0.0,470.0,430.0,69.17691159248352,-79.7062635421753,-23.620675563812256,0.09588997811079025
0.0,470.0,430.0,65.76804447174072,-75.68285083770752,-26.592714309692383,0.1822805106639862
0.0,474.0,430.0,68.04080486297607,-78.7910099029541,-29.281251430511475,0.12386983633041382
1.0,406.0,434.0,54.40733361244202,-76.3320255279541,33.62348031997681,0.10899089276790619
1.0,410.0,434.0,57.07082414627075,-71.12084722518921,29.95634800195694,0.12497246265411377
0.0,414.0,434.0,64.1771731376648,-76.94894395768642,26.048441886901855,0.09904031455516815
1.0,414.0,434.0,59.81258964538574,-69.01331543922424,25.649996280670166,0.08011722564697266
1.0,418.0,434.0,65.14877271652222,-72.23697805404663,20.29303550720215,0.17849504947662354
1.0,422.0,434.0,66.35889768600464,-67.86339092254639,17.56375765800476,0.22268490493297577
1.0,426.0,434.0,67.3287878036499,-64.50240898132324,15.067229866981506,0.40835249423980713
1.0,430.0,434.0,66.87408256530762,-61.788700103759766,11.076655387878418,0.5927397608757019
1.0,434.0,434.0,66.02445268630981,-63.489718437194824,7.010754585266113,0.5339416265487671
1.0,438.0,434.0,65.45560264587402,-66.42023372650146,1.6664972305297852,0.53182053565979
1.0,442.0,434.0,65.08612632751465,-67.95545768737793,-2.4024219512939453,0.5900555849075317
1.0,446.0,434.0,65.68676948547363,-67.90120601654053,-3.6505165100097656,0.49289292097091675
1.0,450.0,434.0,66.32946681976318,-67.70556354522705,-4.4449462890625,0.48134666681289673
1.0,454.0,434.0,68.6816520690918,-69.82552814483643,-5.702568054199219,0.2767336368560791
1.0,454.0,434.0,66.76385974884033,-67.98343563079834,-5.786075592041016,0.2804452180862427
1.0,458.0,434.0,68.29439163208008,-71.01758098602295,-8.05181884765625,0.29565632343292236
0.0,458.0,434.0,67.11551570892334,-68.90999937057495,-5.572635650634766,0.1623411327600479
1.0,458.0,434.0,68.14448404312134,-76.27106857299805,-13.552869319915771,0.24083037674427032
1.0,462.0,434.0,67.48822212219238,-73.46255302429199,-11.742948532104492,0.25985071063041687
0.0,462.0,434.0,69.12476587295532,-77.55512237548828,-16.42631220817566,0.348157674074173
0.0,466.0,434.0,69.19041657447815,-78.8641471862793,-19.452365398406982,0.3093773424625397
0.0,470.0,434.0,68.86118745803833,-81.14717769622803,-22.282097816467285,0.20343990623950958
1.0,470.0,434.0,67.87668514251709,-77.38491463661194,-25.884750366210938,0.19651055335998535
0.0,474.0,434.0,69.11486148834229,-80.55025309324265,-29.432748794555664,0.15017426013946533
0.0,406.0,438.0,63.26840305328369,-81.14477157592773,33.21067237854004,0.03971380367875099
0.0,406.0,438.0,40.20104217529297,-90.69097900390625,35.636975169181824,0.0317513532936573
1.0,406.0,438.0,55.59434986114502,-82.14996433258057,34.76744556427002,0.06247501075267792
0.0,410.0,438.0,64.75166368484497,-81.47142839431763,33.46152305603027,0.09721574187278748
1.0,410.0,438.0,57.93641996383667,-76.66999340057373,31.421976566314697,0.07337809354066849
1.0,414.0,438.0,64.96011734008789,-78.27904999256134,28.086668014526367,0.13011786341667175
1.0,418.0,438.0,65.9687557220459,-75.0141270160675,22.31766986846924,0.18390215933322906
1.0,422.0,438.0,66.4901442527771,-71.53561878204346,18.733457565307617,0.2177368402481079
1.0,426.0,438.0,67.08357572555542,-68.8151593208313,15.73204094171524,0.271614670753479
1.0,430.0,438.0,67.52881336212158,-67.24254512786865,11.067017078399658,0.37484076619148254
1.0,434.0,438.0,66.44419765472412,-68.88400173187256,6.524477958679199,0.41074487566947937
1.0,438.0,438.0,66.13991928100586,-71.6931505203247,1.9739627838134766,0.4675978422164917
1.0,442.0,438.0,66.07757186889648,-72.19935464859009,-1.8440704345703125,0.5454524755477905
1.0,446.0,438.0,66.32869291305542,-72.45460033416748,-3.6646785736083984,0.45936018228530884
1.0,450.0,438.0,66.81575393676758,-72.07023620605469,-5.0794525146484375,0.4183800518512726
1.0,454.0,438.0,67.31701707839966,-71.95543146133423,-5.320444107055664,0.32525768876075745
1.0,454.0,438.0,68.16224479675293,-76.21348190307617,-10.638265132904053,0.20502185821533203
0.0,458.0,438.0,67.81606197357178,-72.62369298934937,-5.074453353881836,0.22143644094467163
1.0,458.0,438.0,68.21847105026245,-77.00399017333984,-13.13652753829956,0.37780678272247314
1.0,462.0,438.0,68.90560793876648,-79.54331302642822,-16.370363235473633,0.5529493093490601
1.0,466.0,438.0,69.2107663154602,-81.04685878753662,-18.319569289684296,0.41274359822273254
0.0,470.0,438.0,69.07017636299133,-83.1704683303833,-20.842886686325073,0.29421278834342957
0.0,474.0,438.0,68.43419170379639,-87.71049165725708,-24.310235500335693,0.19708669185638428
0.0,406.0,442.0,64.32161664962769,-97.63092041015625,35.722705364227295,0.1111694946885109
1.0,410.0,442.0,64.82695484161377,-82.82900047302246,33.000099182128906,0.11731303483247757
1.0,414.0,442.0,65.75212574005127,-80.61768984794617,29.700498580932617,0.12302321940660477
1.0,418.0,442.0,66.9783706665039,-78.41870713233948,24.923245429992676,0.2385406792163849
1.0,422.0,442.0,67.49158477783203,-75.95628082752228,21.121527194976807,0.21452681720256805
1.0,426.0,442.0,68.01859188079834,-74.76352882385254,17.049657106399536,0.19222433865070343
1.0,430.0,442.0,68.19570302963257,-75.31688737869263,13.02757453918457,0.19537192583084106
1.0,434.0,442.0,67.67231512069702,-75.91643142700195,7.781317234039307,0.21190080046653748
1.0,438.0,442.0,67.03222370147705,-76.28754144906998,3.861363410949707,0.3751436769962311
1.0,442.0,442.0,66.94016122817993,-76.30576473474503,-0.21314430236816406,0.4627048075199127
1.0,446.0,442.0,67.02232122421265,-76.76828940957785,-2.458322525024414,0.4919741153717041
1.0,450.0,442.0,67.21701288223267,-75.70994901657104,-4.149288177490234,0.4799785017967224
1.0,454.0,442.0,67.93841457366943,-75.91651165485382,-5.06245231628418,0.28263571858406067
1.0,454.0,442.0,68.19247722625732,-79.38891410827637,-9.82477855682373,0.29760468006134033
1.0,458.0,442.0,68.64721035957336,-80.66659164428711,-12.706113815307617,0.4633066654205322
1.0,462.0,442.0,69.37259912490845,-82.32117462158203,-15.436416387557983,0.5452753305435181
1.0,466.0,442.0,69.25716996192932,-83.63092136383057,-16.473782062530518,0.4138447344303131
1.0,470.0,442.0,69.28170871734619,-85.45756912231445,-19.741871118545532,0.3385430574417114
0.0,474.0,442.0,68.39710092544556,-90.39428901672363,-22.933461666107178,0.3100661039352417
0.0,478.0,442.0,67.01871919631958,-95.1709743142128,-26.05436611175537,0.06185244396328926
0.0,406.0,446.0,64.98715591430664,-99.79023551940918,35.5379114151001,0.1093636304140091
1.0,410.0,446.0,65.49016571044922,-84.1884994506836,31.63461685180664,0.10849717259407043
1.0,414.0,446.0,66.15177154541016,-83.45158624649048,28.12425708770752,0.11466555297374725
1.0,418.0,446.0,67.45309495925903,-80.79692268371582,23.894293785095215,0.29158177971839905
1.0,422.0,446.0,68.65230894088745,-79.8425714969635,21.177756786346436,0.31467077136039734
1.0,426.0,446.0,69.10787916183472,-79.87461614608765,17.285311460494995,0.2335946261882782
1.0,430.0,446.0,69.25581860542297,-81.17490911483765,13.018166065216064,0.17021021246910095
1.0,434.0,446.0,68.67284488677979,-81.21591472625732,7.917823791503906,0.20699849724769592
1.0,438.0,446.0,68.50294971466064,-81.56907510757446,3.9839515686035156,0.35385724902153015
1.0,442.0,446.0,68.32085466384888,-81.16034650802612,0.7148952484130859,0.42474284768104553
1.0,446.0,446.0,67.96626234054565,-80.01897192001343,-1.6776275634765625,0.4701017439365387
1.0,450.0,446.0,67.66111087799072,-78.55330109596252,-2.8873538970947266,0.45493394136428833
1.0,454.0,446.0,68.5721263885498,-83.22766017913818,-10.140069007873535,0.40334516763687134
1.0,458.0,446.0,69.65325808525085,-83.91443729400635,-12.697340488433838,0.42268815636634827
1.0,462.0,446.0,70.10546684265137,-85.18184757232666,-14.517979621887207,0.4747939705848694
1.0,466.0,446.0,69.66906762123108,-86.07858467102051,-16.04357933998108,0.3952520489692688
1.0,470.0,446.0,69.52311086654663,-87.43418884277344,-18.982222855091095,0.3599359691143036
1.0,474.0,446.0,68.44274806976318,-92.15392327308655,-21.82666850090027,0.34777164459228516
0.0,478.0,446.0,69.24508571624756,-96.75529289245605,27.408705234527588,0.07765688747167587
0.0,478.0,446.0,67.13789558410645,-96.21323418617249,-25.452721118927002,0.10897959768772125
1.0,410.0,450.0,66.57411575317383,-84.60919666290283,31.819149017333984,0.07923493534326553
1.0,414.0,450.0,67.32167482376099,-85.3395471572876,27.267136573791504,0.09980880469083786
1.0,418.0,450.0,68.58818173408508,-84.2812180519104,23.157140254974365,0.2320026010274887
1.0,422.0,450.0,69.39715266227722,-84.4898624420166,20.486690998077393,0.2527642250061035
1.0,426.0,450.0,70.44659888744354,-85.00726413726807,16.14203381538391,0.21497030556201935
1.0,430.0,450.0,70.47617769241333,-85.79047966003418,11.602179527282715,0.19963321089744568
1.0,434.0,450.0,69.80579328536987,-85.64653968811035,6.8421173095703125,0.29407554864883423
1.0,438.0,450.0,69.11490368843079,-85.06109714508057,3.2874202728271484,0.38880839943885803
1.0,442.0,450.0,68.68940329551697,-83.841055393219,0.822514533996582,0.38474032282829285
1.0,446.0,450.0,68.53883528709412,-83.30528688430786,-1.2008590698242188,0.3560640811920166
1.0,450.0,450.0,68.26980495452881,-82.20769548416138,-2.3668651580810547,0.21411189436912537
1.0,450.0,450.0,67.90288305282593,-87.0392713546753,-5.401035308837891,0.29150891304016113
1.0,454.0,450.0,69.12989449501038,-86.87444305419922,-8.821798324584961,0.4228925406932831
1.0,458.0,450.0,70.36494970321655,-86.83441257476807,-12.085688591003418,0.39497998356819153
1.0,462.0,450.0,70.57353568077087,-87.2981653213501,-13.82233715057373,0.4693937301635742
1.0,466.0,450.0,70.52155995368958,-88.72254657745361,-15.7690589427948,0.3773456811904907
1.0,470.0,450.0,70.46282124519348,-90.7545838356018,-17.889779895544052,0.34272366762161255
1.0,474.0,450.0,68.88562202453613,-94.40796554088593,-21.056862115859985,0.3372455835342407
0.0,478.0,450.0,67.35134506225586,-97.94697546958923,-24.378191471099854,0.1302526891231537
1.0,418.0,454.0,68.78851437568665,-88.0859432220459,23.074840545654297,0.17008839547634125
1.0,422.0,454.0,70.32727932929993,-88.58770942687988,18.996532678604126,0.1627875417470932
1.0,426.0,454.0,70.62220907211304,-89.09621047973633,15.419240202754736,0.1556689441204071
1.0,430.0,454.0,70.71194088459015,-88.85359954833984,10.945512294769287,0.18937769532203674
1.0,434.0,454.0,70.69542908668518,-88.42117691040039,7.479191780090332,0.26497533917427063
1.0,438.0,454.0,70.3223168849945,-88.20517539978027,4.688100814819336,0.3444802165031433
1.0,442.0,454.0,70.05918192863464,-87.33851337432861,2.638916015625,0.2617862820625305
1.0,446.0,454.0,70.26652204990387,-86.67160606384277,0.25972652435302734,0.16750697791576385
1.0,446.0,454.0,69.36280584335327,-89.44659471511841,-2.226072311401367,0.18104188144207
1.0,450.0,454.0,69.83494973182678,-90.20116424560547,-4.010465621948242,0.40762823820114136
1.0,454.0,454.0,70.3032636642456,-89.8254861831665,-6.909451484680176,0.40579748153686523
1.0,458.0,454.0,71.15121746063232,-89.29150104522705,-10.021356582641602,0.36132484674453735
1.0,462.0,454.0,71.47792649269104,-89.89430809020996,-12.378198146820068,0.3701751232147217
1.0,466.0,454.0,71.19922924041748,-91.8196530342102,-12.97689151763916,0.32382068037986755
0.0,470.0,454.0,70.97398126125336,-94.25746476650238,-15.378389120101929,0.3136518895626068
0.0,474.0,454.0,69.50211215019226,-97.58760356903076,-17.983892790973186,0.31526613235473633
0.0,478.0,454.0,68.26139068603516,-99.8412914276123,-22.160971641540527,0.11230385303497314
1.0,426.0,458.0,70.29499530792236,-94.18637275695801,13.759828805923462,0.12354616820812225
1.0,430.0,458.0,70.44346904754639,-94.03152275085449,10.315372943878174,0.15961670875549316
1.0,434.0,458.0,70.66582775115967,-92.79174995422363,7.773043155670166,0.24607878923416138
1.0,438.0,458.0,71.39217352867126,-92.15673828125,4.237368583679199,0.21444913744926453
0.0,438.0,458.0,70.68037760257721,-93.91903555393219,1.1030654907226562,0.11668451875448227
0.0,442.0,458.0,70.96699976921082,-93.67920231819153,-1.4988975524902344,0.2265794575214386
1.0,446.0,458.0,70.79626786708832,-93.1901502609253,-3.6778430938720703,0.24274969100952148
1.0,450.0,458.0,70.9592741727829,-93.11480379104614,-5.325199127197266,0.3378888964653015
1.0,454.0,458.0,71.16754364967346,-92.74059557914734,-7.871789932250977,0.3353896737098694
1.0,458.0,458.0,71.9040596485138,-91.73913860321045,-9.993552207946777,0.2945200800895691
1.0,462.0,458.0,71.8242718577385,-92.54723978042603,-12.06178903579712,0.33873093128204346
1.0,466.0,458.0,71.21433615684509,-95.63236446678638,-13.9834623336792,0.3204330503940582
0.0,470.0,458.0,70.41713094711304,-98.73902344703674,-15.670645236968994,0.3849102556705475
0.0,474.0,458.0,68.72878670692444,-101.90657043457031,-17.220361351966858,0.31172677874565125
1.0,426.0,462.0,70.21874797344208,-97.86835861206055,13.803750872612,0.1007266640663147
1.0,430.0,462.0,70.38716292381287,-97.84647941589355,10.634184837341309,0.10584738850593567
1.0,434.0,462.0,70.61394107341766,-96.71972465515137,8.500993251800537,0.11279011517763138
1.0,434.0,462.0,72.02426338195801,-97.76760673522949,9.226243019104004,0.08662529289722443
0.0,438.0,462.0,71.13201117515564,-97.62718152999878,-0.17040061950683594,0.1583539843559265
1.0,438.0,462.0,71.51846218109131,-98.20519065856934,6.15740966796875,0.0914897546172142
0.0,442.0,462.0,70.77021551132202,-97.1155298948288,-2.303281784057617,0.2411435842514038
0.0,446.0,462.0,70.65003669261932,-96.46315944194794,-4.479867935180664,0.24499566853046417
0.0,450.0,462.0,70.91148614883423,-97.00473618507385,-7.098986625671387,0.29161006212234497
1.0,454.0,462.0,70.62393927574158,-97.02128517627716,-9.318071365356445,0.3132747709751129
1.0,458.0,462.0,71.01414704322815,-97.1659026145935,-12.415904521942139,0.3022763431072235
1.0,462.0,462.0,71.23356425762177,-97.93868637084961,-15.491989612579346,0.2442319691181183
1.0,466.0,462.0,70.6820513010025,-100.22635889053345,-17.885489732027054,0.18668797612190247
1.0,470.0,462.0,69.32664155960083,-102.46249914169312,-18.811015844345093,0.19142065942287445
0.0,474.0,462.0,68.24781131744385,-103.57458782196045,-19.706459045410156,0.09873378276824951
1.0,434.0,466.0,70.49800777435303,-100.18507194519043,10.412664413452148,0.09227897971868515
1.0,438.0,466.0,71.30750751495361,-100.78207778930664,7.911077976226807,0.11601070314645767
0.0,442.0,466.0,70.90711724758148,-101.24939346313477,-5.781249046325684,0.08086440712213516
1.0,442.0,466.0,71.14009189605713,-101.3448543548584,5.864410877227783,0.11278077214956284
0.0,446.0,466.0,70.6770281791687,-100.66834735870361,-7.2647247314453125,0.12762130796909332
0.0,446.0,466.0,70.23988437652588,-101.65258979797363,3.640747308731079,0.07021478563547134
0.0,450.0,466.0,69.8183970451355,-101.5581226348877,-9.873433113098145,0.14455002546310425
0.0,454.0,466.0,69.6053695678711,-102.26494836807251,-11.924231052398682,0.16398672759532928
0.0,458.0,466.0,69.42070817947388,-102.91363906860352,-14.278823137283325,0.15203800797462463
0.0,462.0,466.0,69.42032241821289,-103.64498329162598,-17.504588544368744,0.16441909968852997
0.0,466.0,466.0,68.8449432849884,-105.0710277557373,-18.232122167944908,0.08575231581926346
