inlier,x,y,X,Y,Z,conf
1.0,442.0,66.0,74.87314534187317,108.81472301483154,21.25602698326111,0.1536932736635208
1.0,446.0,66.0,77.00017303228378,104.80032682418823,18.847334384918213,0.26014187932014465
1.0,450.0,66.0,78.34192287921906,110.82920026779175,4.637452861175916,0.06342040002346039
1.0,450.0,66.0,78.33819162845612,103.27663993835449,15.3387131690979,0.1087489128112793
1.0,430.0,70.0,61.32843255996704,118.80320072174072,15.870867729187012,0.08486358076334
1.0,434.0,70.0,62.628825187683105,116.32160878181458,17.79997992515564,0.10514438897371292
1.0,438.0,70.0,69.65780925750732,107.29918098449707,24.657079100608826,0.16817085444927216
1.0,438.0,70.0,65.31628513336182,111.11282873153687,21.92148119211197,0.23327064514160156
1.0,442.0,70.0,71.45663213729858,102.66981196403503,24.182429432868958,0.5218127965927124
1.0,446.0,70.0,74.11567854881287,98.65413437783718,23.009394258260727,0.7630571722984314
1.0,450.0,70.0,76.81557500362396,95.46204376220703,20.322079181671143,0.8358327150344849
1.0,454.0,70.0,77.62105193734169,94.38294172286987,15.461742401123047,0.5350529551506042
1.0,454.0,70.0,79.11214745044708,96.80659532546997,5.465370178222656,0.316788911819458
1.0,458.0,70.0,79.19374231621623,97.5048394203186,-2.5512070655822754,0.2653927505016327
0.0,426.0,74.0,55.016552686691284,120.18825769424438,16.446964263916016,0.12394624948501587
1.0,430.0,74.0,55.30853319168091,115.94661283493042,19.242939472198486,0.22861255705356598
1.0,434.0,74.0,57.4255251288414,110.95197319984436,22.12737476825714,0.4648406207561493
1.0,438.0,74.0,61.294589042663574,105.31999397277832,24.765258312225342,0.5581942200660706
1.0,442.0,74.0,66.39828491210938,98.72736297734082,25.8473801612854,0.5601344704627991
1.0,442.0,74.0,63.93898582458496,102.46939086914062,25.349587440490723,0.2874026596546173
1.0,446.0,74.0,70.08423709869385,93.33257484436035,25.402201890945435,0.8265820741653442
1.0,450.0,74.0,72.22451257705688,90.63752269744873,22.411932706832886,0.857377827167511
1.0,454.0,74.0,75.17738342285156,87.34821796417236,18.757593154907227,0.8033167123794556
1.0,458.0,74.0,78.95891839265823,87.32465171813965,4.974784851074219,0.618850827217102
1.0,462.0,74.0,78.72052872180939,85.2285327911377,-1.8083198070526123,0.45677369832992554
1.0,426.0,78.0,49.430591106414795,118.03582859039307,18.691996097564697,0.15828213095664978
1.0,430.0,78.0,49.23967885971069,113.06386291980743,21.828506588935852,0.41638991236686707
1.0,434.0,78.0,52.328007221221924,106.42116737365723,24.547491788864136,0.6905580163002014
1.0,438.0,78.0,56.5799318253994,101.80389785766602,26.382805824279785,0.6518469452857971
1.0,442.0,78.0,61.37185573577881,97.09577655792236,25.858032703399658,0.47681480646133423
1.0,446.0,78.0,64.3081750869751,91.00165557861328,23.787089586257935,0.5249789357185364
1.0,446.0,78.0,64.96731758117676,89.1068696975708,25.027828693389893,0.3215942680835724
1.0,450.0,78.0,66.58075904846191,86.25566239655018,21.572088479995728,0.26442646980285645
1.0,450.0,78.0,67.42514228820801,85.37364387512207,21.55259907245636,0.4765094518661499
1.0,454.0,78.0,69.52994179725647,83.45994186401367,15.980400085449219,0.27784764766693115
1.0,454.0,78.0,69.19853019714355,84.8441743850708,18.713886260986328,0.3966082036495209
1.0,458.0,78.0,72.95469358563423,80.11268424987793,13.343629837036133,0.659529983997345
1.0,462.0,78.0,75.66289401054382,77.11411571502686,8.365216732025146,0.6051129102706909
1.0,466.0,78.0,75.81121778488159,74.39841365814209,-0.6373038291931152,0.2624509930610657
0.0,418.0,82.0,48.489858627319336,117.98349952697754,17.91047716140747,0.07085432857275009
0.0,422.0,82.0,45.37553119659424,117.98551321029663,18.408663988113403,0.11356266587972641
1.0,426.0,82.0,43.77078819274902,115.787917137146,20.42350262403488,0.21703842282295227
1.0,430.0,82.0,45.816861152648926,109.46832799911499,23.74843120574951,0.45914745330810547
1.0,434.0,82.0,48.693766593933105,103.38179206848145,25.942471981048584,0.5832042694091797
1.0,438.0,82.0,54.424442291259766,98.45678806304932,25.758862733840942,0.6187968254089355
1.0,442.0,82.0,57.832119941711426,93.4118504524231,24.851969003677368,0.8022116422653198
1.0,446.0,82.0,60.996039390563965,87.23894625902176,22.878682851791382,0.78475022315979
1.0,450.0,82.0,62.35890483856201,84.01064157485962,20.36277985572815,0.7548183798789978
1.0,454.0,82.0,64.43060779571533,81.11471366882324,17.266709327697754,0.4533896744251251
1.0,454.0,82.0,65.77073335647583,81.38940048217773,17.049864768981934,0.28858721256256104
1.0,458.0,82.0,67.86638116836548,77.25579166412354,14.609166145324707,0.7318414449691772
1.0,462.0,82.0,71.80114179849625,73.07539701461792,10.86041259765625,0.4769209921360016
1.0,466.0,82.0,73.99261915683746,69.67844748497009,3.671731546521187,0.3606155812740326
0.0,414.0,86.0,46.50984573364258,117.06441235542297,19.672860264778137,0.09725598990917206
0.0,418.0,86.0,30.86710238456726,118.8441372513771,13.99001532793045,0.08657865971326828
0.0,418.0,86.0,42.38662242889404,116.10191750526428,19.50852918624878,0.11326390504837036
1.0,422.0,86.0,33.368000507354736,117.27681279182434,16.434742093086243,0.20308229327201843
1.0,422.0,86.0,40.63242149353027,116.00878500938416,20.56749325990677,0.1438852846622467
1.0,426.0,86.0,37.64816379547119,113.93370342254639,20.265904426574707,0.2731156647205353
1.0,426.0,86.0,40.968573570251465,112.00829994678497,23.182270765304565,0.24665261805057526
1.0,430.0,86.0,39.559067726135254,110.76572227478027,21.62610387802124,0.18375448882579803
1.0,430.0,86.0,42.5426549911499,106.17192697525024,24.60623073577881,0.30610230565071106
1.0,434.0,86.0,46.072537899017334,99.86802768707275,25.2144718170166,0.4090992212295532
1.0,438.0,86.0,50.00656105577946,95.83182334899902,25.745381116867065,0.7154641151428223
1.0,442.0,86.0,53.80501437187195,89.37451696395874,24.77316963672638,0.7184412479400635
1.0,446.0,86.0,56.370747089385986,84.90057694911957,22.26211440563202,0.7618480920791626
1.0,450.0,86.0,57.84663772583008,81.53857183456421,19.41256618499756,0.8160362839698792
1.0,454.0,86.0,59.62906360626221,79.12389183044434,16.011802673339844,0.6721712350845337
1.0,458.0,86.0,64.54046726226807,72.99734878540039,14.518669128417969,0.6803054809570312
1.0,462.0,86.0,67.45515871047974,69.0644257068634,11.103222846984863,0.5480359196662903
1.0,466.0,86.0,68.72090339660645,66.36240065097809,4.74305260181427,0.3018888235092163
0.0,410.0,90.0,-49.28397536277771,111.00512099266052,3.796405792236328,0.05100156366825104
0.0,410.0,90.0,46.38418674468994,117.23395442962646,19.811666011810303,0.04539535567164421
0.0,414.0,90.0,24.68184185028076,119.44986477866769,12.27138376235962,0.11010267585515976
0.0,414.0,90.0,41.67841053009033,115.63131809234619,20.54013416171074,0.09836538881063461
0.0,418.0,90.0,28.443307161331177,117.31886076927185,14.861754857003689,0.2335595339536667
1.0,422.0,90.0,31.683265134692192,114.65533781051636,18.402090072631836,0.4311623275279999
1.0,426.0,90.0,34.44766330718994,111.03555965423584,21.189427375793457,0.25518688559532166
1.0,426.0,90.0,35.13553810119629,109.00526428222656,23.92245316505432,0.3869531750679016
1.0,430.0,90.0,39.46511363983154,103.11022472381592,25.178703755140305,0.6917700171470642
1.0,434.0,90.0,42.42311954498291,97.72733497619629,26.122536659240723,0.3621761202812195
1.0,434.0,90.0,43.53605079650879,99.28966569900513,26.159366726875305,0.4201696813106537
1.0,438.0,90.0,45.482017040252686,92.11300468444824,25.462411284446716,0.7122080326080322
1.0,442.0,90.0,49.048306941986084,86.93862226605415,24.109114345163107,0.8274957537651062
1.0,446.0,90.0,52.45814251899719,82.54183411598206,20.9190411567688,0.8655316829681396
1.0,450.0,90.0,53.42752718925476,79.50873899459839,17.392545223236084,0.8801718950271606
1.0,454.0,90.0,54.677653789520264,77.95071601867676,14.169179916381836,0.39823970198631287
1.0,454.0,90.0,56.201194286346436,75.19659233093262,14.753264665603638,0.4702010154724121
1.0,458.0,90.0,59.81696796417236,69.27476358413696,13.1604984998703,0.6191398501396179
1.0,462.0,90.0,62.990904808044434,65.49687492847443,9.744803428649902,0.5374138951301575
1.0,466.0,90.0,63.54661178588867,63.49249458312988,2.920569360256195,0.3098120093345642
0.0,410.0,94.0,19.026369094848633,120.15496289730072,11.433899402618408,0.05595387890934944
0.0,410.0,94.0,-46.418373823165894,110.7813515663147,4.414032936096191,0.03650365397334099
0.0,410.0,94.0,42.68435573577881,115.71718311309814,20.820788025856018,0.04842031002044678
0.0,414.0,94.0,19.949063301086426,117.9038747549057,13.31578540802002,0.1821114867925644
1.0,418.0,94.0,22.697397232055664,116.26592659950256,16.21427059173584,0.33095890283584595
1.0,422.0,94.0,25.94419574737549,113.13707065582275,19.723233222961426,0.30429670214653015
1.0,422.0,94.0,26.904684334993362,111.33132934570312,23.71884286403656,0.3762762248516083
1.0,426.0,94.0,30.33413815498352,104.94695091247559,25.169249325990677,0.8220630288124084
1.0,430.0,94.0,33.54493951797485,100.26274919509888,25.8385748565197,0.8622913360595703
1.0,434.0,94.0,36.53234386444092,95.93237420916557,26.10380345582962,0.7482714056968689
1.0,438.0,94.0,40.298829078674316,89.07274198532104,24.92098969221115,0.5828614830970764
1.0,442.0,94.0,43.534523487091064,83.8728277683258,22.06377387046814,0.9158921837806702
1.0,446.0,94.0,45.67547941207886,80.334397315979,18.764517307281494,0.9523648619651794
1.0,450.0,94.0,48.10063052177429,77.39609241485596,15.52540111541748,0.501061201095581
1.0,450.0,94.0,48.67231151461601,76.84728336334229,15.99811601638794,0.47263091802597046
1.0,454.0,94.0,52.28610849380493,71.57112455368042,14.81303334236145,0.9383981227874756
1.0,458.0,94.0,55.1295690536499,66.71678137779236,11.743547916412354,0.9119511842727661
1.0,462.0,94.0,56.95431613922119,63.997874557971954,6.61493444442749,0.7028148770332336
1.0,466.0,94.0,60.17133045196533,62.074442863464355,0.524280309677124,0.30057406425476074
0.0,410.0,98.0,13.279827117919922,118.00950372219086,12.887968063354492,0.11924874037504196
1.0,414.0,98.0,14.483209609985352,117.47081160545349,14.249129116535187,0.21856094896793365
1.0,418.0,98.0,16.296730041503906,115.50011730194092,17.698188066482544,0.28733012080192566
1.0,422.0,98.0,20.85979700088501,107.45337677001953,24.859298169612885,0.6503311395645142
1.0,426.0,98.0,24.988258719444275,101.67789363861084,25.735575884580612,0.8235468864440918
1.0,430.0,98.0,28.662163496017456,97.34334635734558,25.59265111386776,0.835859477519989
1.0,434.0,98.0,31.314720153808594,92.97657132148743,25.156555861234665,0.8400105237960815
1.0,438.0,98.0,35.55989456176758,87.00268840789795,23.96012580394745,0.7765382528305054
1.0,442.0,98.0,37.675418853759766,81.64345455169678,20.006142139434814,0.8509290814399719
1.0,446.0,98.0,40.14216899871826,78.3972864151001,17.189574718475342,0.8586270213127136
1.0,450.0,98.0,44.032734394073486,73.75893592834473,15.803641557693481,0.9117745161056519
1.0,454.0,98.0,47.68072259426117,68.25829744338989,14.5347740650177,0.9776418209075928
1.0,458.0,98.0,50.211063385009766,63.554648742079735,10.674179434776306,0.9484467506408691
1.0,462.0,98.0,51.48181509971619,61.45166778564453,5.364772796630859,0.8006619811058044
1.0,466.0,98.0,52.560340881347656,60.99188232421875,-3.1006317138671875,0.1578269749879837
1.0,466.0,98.0,53.22818183898926,61.63938641548157,0.2635011672973633,0.20654207468032837
0.0,410.0,102.0,9.501768112182617,117.733651638031,14.003259479999542,0.1393735706806183
1.0,414.0,102.0,8.401371002197266,117.26727199554443,15.483289897441864,0.1747458279132843
1.0,418.0,102.0,11.678823471069336,110.13282775878906,23.1846604347229,0.1304181069135666
1.0,418.0,102.0,9.735595703125,115.29141473770142,16.280510663986206,0.11772006005048752
1.0,418.0,102.0,14.718077659606934,110.95548629760742,24.59402084350586,0.1714094579219818
1.0,422.0,102.0,16.38839340209961,104.16914939880371,25.581257469952106,0.6599478125572205
1.0,426.0,102.0,21.30000925064087,98.64153528213501,25.908374190330505,0.7943850755691528
1.0,430.0,102.0,23.954631805419922,93.5778067111969,24.87325221300125,0.8372466564178467
1.0,434.0,102.0,27.43415129184723,88.91575288772583,24.277748346328735,0.8682563900947571
1.0,438.0,102.0,30.377657890319824,84.95250225067139,21.96365523338318,0.8468637466430664
1.0,442.0,102.0,33.91103553771973,80.23952531814575,18.628464221954346,0.22561901807785034
1.0,442.0,102.0,34.287734031677246,81.33514785766602,16.638718277215958,0.3839164972305298
1.0,442.0,102.0,32.00468349456787,82.58820629119873,17.999547004699707,0.321817547082901
1.0,446.0,102.0,36.67781352996826,75.32845211029053,15.929706811904907,0.4943675100803375
1.0,446.0,102.0,35.70547676086426,75.2139024734497,16.027034759521484,0.26889294385910034
1.0,450.0,102.0,39.961588859558105,70.41443490982056,15.166417360305786,0.9230828881263733
1.0,454.0,102.0,42.88445281982422,65.2977854013443,14.076901197433472,0.9761863946914673
1.0,458.0,102.0,45.451581716537476,60.9132559299469,10.991760969161987,0.9350766539573669
1.0,462.0,102.0,47.007792830467224,58.56889820098877,5.546992301940918,0.6621134281158447
1.0,466.0,102.0,47.78078317642212,58.87416219711304,-1.5890798568725586,0.17613965272903442
1.0,466.0,102.0,48.432873636484146,58.972362995147705,0.7093620300292969,0.14483077824115753
1.0,410.0,106.0,0.9705525040626526,113.9345817565918,21.534833431243896,0.043911274522542953
0.0,410.0,106.0,5.927453994750977,117.9637520313263,15.386606752872467,0.06926664710044861
1.0,410.0,106.0,0.6623523235321045,120.83323001861572,12.643969178199768,0.07621511816978455
1.0,410.0,106.0,-9.035861015319824,121.74029922485352,11.136515855789185,0.039026789367198944
1.0,414.0,106.0,5.97128438949585,112.25785446166992,22.996007204055786,0.14837583899497986
1.0,414.0,106.0,4.784206390380859,116.76658749580383,16.615018606185913,0.07782693952322006
1.0,414.0,106.0,0.01397562026977539,119.73976612091064,9.760778069496155,0.1139749139547348
1.0,418.0,106.0,9.303572654724121,106.29948902130127,24.786872923374176,0.3622203767299652
1.0,422.0,106.0,12.213376998901367,101.39802503585815,25.77505898475647,0.45540669560432434
1.0,426.0,106.0,15.639704704284668,95.0014955997467,25.647293135523796,0.7125639319419861
1.0,430.0,106.0,19.369898319244385,89.44626569747925,24.071009755134583,0.8399937152862549
1.0,434.0,106.0,22.003983974456787,86.93939876556396,22.571209192276,0.8482823371887207
1.0,438.0,106.0,24.868183374404907,83.47917652130127,17.458864212036133,0.37956079840660095
1.0,438.0,106.0,24.85759937763214,84.43701171875,18.935016632080078,0.5252234935760498
1.0,442.0,106.0,28.58472490310669,78.97628116607666,15.72276645898819,0.8406611680984497
1.0,446.0,106.0,32.56319808959961,73.31558895111084,15.117062330245972,0.9349419474601746
1.0,450.0,106.0,36.22476577758789,67.94376480579376,14.68735384941101,0.4590216875076294
1.0,450.0,106.0,35.84825611114502,68.06154680252075,14.740293741226196,0.5112388730049133
1.0,454.0,106.0,38.70307445526123,63.15441620349884,13.987029314041138,0.9415143132209778
1.0,458.0,106.0,41.41750144958496,58.36481857299805,12.500638574361801,0.9443864822387695
1.0,462.0,106.0,43.322328090667725,55.08915042877197,8.383905410766602,0.7739347219467163
1.0,466.0,106.0,44.69583249092102,54.77775979042053,0.3379182815551758,0.23376557230949402
1.0,466.0,106.0,45.05398941040039,53.97246074676514,4.340424060821533,0.3013865649700165
1.0,470.0,106.0,46.226988315582275,53.55334459990263,-1.4193735122680664,0.10495781898498535
1.0,410.0,110.0,-2.5911965370178223,111.26714706420898,22.16423201560974,0.032228127121925354
1.0,410.0,110.0,-3.432691812515259,121.56902623176575,11.215409874916077,0.049873411655426025
1.0,410.0,110.0,-11.497797012329102,118.17456150054932,12.443270683288574,0.06295427680015564
1.0,414.0,110.0,2.270901679992676,109.08786487579346,24.319990038871765,0.3413774371147156
1.0,418.0,110.0,5.7669572830200195,102.8956561088562,25.59227642416954,0.5545479655265808
1.0,422.0,110.0,9.167366027832031,97.39980292320251,26.24642950296402,0.5767256617546082
1.0,426.0,110.0,11.142436027526855,92.09257674217224,25.584702203748748,0.4998599886894226
1.0,430.0,110.0,14.74168586730957,87.75755405426025,23.504128336906433,0.6553332805633545
1.0,434.0,110.0,17.382052421569824,84.82388973236084,18.77008867263794,0.39188575744628906
1.0,434.0,110.0,18.077759742736816,84.84006404876709,20.79050636291504,0.4664386808872223
1.0,438.0,110.0,19.734213948249817,81.27835655212402,16.937669694423676,0.7978026866912842
1.0,442.0,110.0,22.342783093452454,76.21532678604126,15.333463430404663,0.8824222683906555
1.0,446.0,110.0,28.618810176849365,70.36791843175888,15.030336856842041,0.9083811640739441
1.0,450.0,110.0,32.89683246612549,65.4654483795166,15.027894496917725,0.8632189035415649
1.0,454.0,110.0,34.56509971618652,60.63355755805969,14.684295654296875,0.7048317790031433
1.0,458.0,110.0,36.713802337646484,55.64578056335449,13.672858238220215,0.9246285557746887
1.0,462.0,110.0,39.08946514129639,50.8542594909668,12.445633798837662,0.8879096508026123
1.0,466.0,110.0,41.68459987640381,48.04592418670654,9.586975336074829,0.6545661687850952
1.0,470.0,110.0,44.44771194458008,46.72272062301636,1.6242341995239258,0.2612462341785431
1.0,470.0,110.0,43.25143384933472,44.96882247924805,6.054471969604492,0.29269886016845703
1.0,470.0,110.0,42.45937919616699,47.02116584777832,6.602937698364258,0.165494903922081
1.0,474.0,110.0,45.249958992004395,39.818031311035156,2.942699909210205,0.13352924585342407
1.0,410.0,114.0,-14.373960494995117,114.4574716091156,14.382875382900238,0.11979301273822784
1.0,414.0,114.0,-2.7020716667175293,105.66689014434814,24.794919312000275,0.3467870354652405
1.0,418.0,114.0,0.6249033212661743,99.99534463882446,25.566441047936678,0.6274526119232178
1.0,422.0,114.0,3.8942503929138184,93.67129898071289,26.03561544418335,0.7060717940330505
1.0,426.0,114.0,7.370983123779297,89.02803325653076,24.807272374629974,0.7382935881614685
1.0,430.0,114.0,10.445332527160645,85.23631954193115,22.387087106704712,0.6247450113296509
1.0,434.0,114.0,12.826142311096191,82.28046607971191,17.849098324775696,0.7219205498695374
1.0,438.0,114.0,15.688722610473633,78.14564895629883,16.173337519168854,0.8620510697364807
1.0,442.0,114.0,18.33854866027832,73.38844728469849,15.321369051933289,0.8729076385498047
1.0,446.0,114.0,23.415138483047485,67.93225646018982,15.14821970462799,0.8694385886192322
1.0,450.0,114.0,27.566629886627197,62.43075704574585,15.039467334747314,0.9053708910942078
1.0,454.0,114.0,30.812743186950684,56.98443031311035,15.422473073005676,0.7742327451705933
1.0,458.0,114.0,32.79997539520264,52.7049503326416,15.247642755508423,0.6288729310035706
1.0,462.0,114.0,34.81377029418945,48.46906089782715,14.91082763671875,0.7420479655265808
1.0,466.0,114.0,37.666494369506836,45.21123123168945,13.834778785705566,0.46361327171325684
1.0,466.0,114.0,37.24128341674805,44.30261993408203,13.798528671264648,0.3188960552215576
1.0,470.0,114.0,40.84450912475586,40.70646286010742,11.484884023666382,0.8638943433761597
1.0,474.0,114.0,44.65363883972168,34.78219413757324,9.123680233955383,0.8395970463752747
1.0,478.0,114.0,48.012710750103,28.36328375339508,6.162186861038208,0.709904670715332
1.0,482.0,114.0,50.123921394348145,24.1491482257843,3.161139488220215,0.49320611357688904
1.0,486.0,114.0,50.975759983062744,20.96525478363037,0.6505451202392578,0.1138312891125679
1.0,406.0,118.0,-20.76418648660183,116.35632181167603,11.745378494262695,0.12413497269153595
1.0,410.0,118.0,-17.002543926239014,111.06634148955345,16.43351137638092,0.18933998048305511
1.0,414.0,118.0,-9.213236808776855,101.61544036865234,23.74180281162262,0.21689565479755402
1.0,414.0,118.0,-13.799383640289307,105.85695028305054,21.26595115661621,0.11980996280908585
1.0,418.0,118.0,-6.663194179534912,96.027567923069,25.20262721180916,0.5947512984275818
1.0,422.0,118.0,-2.9149281978607178,90.53777408599854,25.364567756652832,0.7569778561592102
1.0,426.0,118.0,1.395006775856018,86.25172233581543,23.45948553085327,0.8321650624275208
1.0,430.0,118.0,4.231650114059448,82.90102481842041,19.81829261779785,0.7864682674407959
1.0,434.0,118.0,6.611262321472168,78.54223728179932,15.577532172203064,0.6738491058349609
1.0,438.0,118.0,9.883607864379883,74.43616342544556,14.800470113754272,0.8452102541923523
1.0,442.0,118.0,13.487335205078125,69.01410162448883,14.853930592536926,0.8860704898834229
1.0,446.0,118.0,17.62407350540161,64.09207773208618,14.58178448677063,0.8846330046653748
1.0,450.0,118.0,21.233958274126053,57.67534637451172,14.856009364128113,0.8976369500160217
1.0,454.0,118.0,24.696156978607178,52.35577964782715,15.32728123664856,0.8114206194877625
1.0,458.0,118.0,28.034937381744385,49.11003112792969,14.996922492980957,0.5775690674781799
1.0,462.0,118.0,31.69485855102539,44.68543529510498,15.555158138275146,0.8482986092567444
1.0,466.0,118.0,34.853586196899414,39.96570873260498,15.242527723312378,0.6861251592636108
1.0,470.0,118.0,37.836398124694824,35.150309562683105,14.409656047821045,0.7923041582107544
1.0,474.0,118.0,42.1683030128479,29.904253005981445,12.804052829742432,0.8943807482719421
1.0,478.0,118.0,45.964003920555115,23.750828742980957,11.013738632202148,0.8738961815834045
1.0,482.0,118.0,49.032448053359985,18.967623710632324,8.892369985580444,0.8310229182243347
1.0,486.0,118.0,50.818870067596436,15.982368469238281,6.167694091796875,0.6683543920516968
1.0,490.0,118.0,51.600507736206055,12.640268325805664,1.4537606239318848,0.3109925389289856
1.0,490.0,118.0,51.681217193603516,13.840617179870605,2.8151025772094727,0.19195213913917542
1.0,494.0,118.0,52.15898263454437,10.591184616088867,-2.127331495285034,0.12023021280765533
1.0,406.0,122.0,-25.464139461517334,114.23303031921387,11.42721152305603,0.12971729040145874
1.0,410.0,122.0,-21.23834055662155,108.0341489315033,16.33501923084259,0.2237148880958557
1.0,414.0,122.0,-17.29933261871338,101.63574028015137,21.882394313812256,0.2628665864467621
1.0,418.0,122.0,-12.567608833312988,92.81496286392212,23.114222049713135,0.5747100114822388
1.0,422.0,122.0,-8.504454612731934,87.22852420806885,22.118622541427612,0.744381844997406
1.0,426.0,122.0,-4.472517013549805,83.02943801879883,19.897355556488037,0.7500547170639038
1.0,430.0,122.0,-1.7712836265563965,79.62792015075684,15.755134582519531,0.5892091989517212
1.0,434.0,122.0,-0.041119664907455444,77.33504295349121,12.426448822021484,0.23284907639026642
1.0,434.0,122.0,-0.4794158935546875,75.567458152771,12.672887802124023,0.375819593667984
1.0,438.0,122.0,2.7524642944335938,70.38366949558258,12.121646404266357,0.7559511661529541
1.0,442.0,122.0,6.633537292480469,65.22285652160645,13.111237525939941,0.8527461290359497
1.0,446.0,122.0,12.022955894470215,59.95194435119629,13.627526760101318,0.8961052894592285
1.0,450.0,122.0,16.082488536834717,54.023457527160645,14.433276653289795,0.8846607208251953
1.0,454.0,122.0,21.270100474357605,47.39485740661621,14.852806329727173,0.6147851943969727
1.0,458.0,122.0,23.606520891189575,43.399200439453125,15.499680280685425,0.8630526661872864
1.0,462.0,122.0,25.87016201019287,39.54801368713379,15.9175386428833,0.841350793838501
1.0,466.0,122.0,29.931398391723633,35.11428260803223,15.751201033592224,0.8071312308311462
1.0,470.0,122.0,33.945600509643555,30.14940845966339,15.710725665092468,0.6063652038574219
1.0,474.0,122.0,36.862717628479004,25.245332717895508,15.948339939117432,0.6560328602790833
1.0,478.0,122.0,41.61589193344116,20.163315296173096,13.170219421386719,0.7859306931495667
1.0,482.0,122.0,45.17446541786194,14.608489036560059,11.631568431854248,0.7878644466400146
1.0,486.0,122.0,48.13904410600662,10.17813491821289,9.987923622131348,0.6370731592178345
1.0,490.0,122.0,50.45264458656311,6.848016738891602,7.420991897583008,0.7493181228637695
1.0,494.0,122.0,52.196861267089844,3.3970842361450195,4.85986328125,0.8957415223121643
1.0,498.0,122.0,53.17800246179104,0.11289095878601074,0.6219472885131836,0.7623208165168762
1.0,502.0,122.0,52.317752718925476,-2.1411938667297363,-4.560313031077385,0.2234279364347458
0.0,506.0,122.0,52.420865058898926,-5.210533142089844,-8.392765998840332,0.17702548205852509
1.0,402.0,126.0,-39.213401317596436,113.04244995117188,12.624846458435059,0.14055472612380981
1.0,406.0,126.0,-30.722139358520508,111.23106953501701,11.103735446929932,0.18045592308044434
1.0,410.0,126.0,-26.852872371673584,105.1669692993164,15.30368047952652,0.46805837750434875
1.0,414.0,126.0,-22.99340057373047,98.16749382019043,19.79632806777954,0.546014130115509
1.0,418.0,126.0,-18.132310390472412,90.52036762237549,19.078659057617188,0.7175747752189636
1.0,422.0,126.0,-14.56450080871582,85.32671332359314,17.803383827209473,0.8874154686927795
1.0,426.0,126.0,-12.286271095275879,80.6854259967804,15.943160057067871,0.9007147550582886
1.0,430.0,126.0,-8.926527976989746,75.3873119354248,13.340471267700195,0.8955640196800232
1.0,434.0,126.0,-5.537778854370117,71.14365100860596,11.50173282623291,0.7760011553764343
1.0,438.0,126.0,-3.142033576965332,66.91529941558838,8.571902990341187,0.5245406031608582
1.0,442.0,126.0,0.8175048828125,62.76833534240723,9.387752294540405,0.5489181280136108
1.0,446.0,126.0,4.523371696472168,56.4666428565979,10.815439939498901,0.31852564215660095
1.0,446.0,126.0,4.88365364074707,55.123887062072754,12.058693408966064,0.541294276714325
1.0,450.0,126.0,10.092239379882812,48.56684494018555,13.666498899459839,0.520653247833252
1.0,450.0,126.0,10.250374794006348,49.42780685424805,13.411896228790283,0.3477382957935333
1.0,454.0,126.0,14.964876174926758,44.69642162322998,14.156431436538696,0.906196653842926
1.0,458.0,126.0,19.09796690940857,40.60088539123535,15.549369931221008,0.8572534322738647
1.0,462.0,126.0,22.6497745513916,36.191165924072266,16.452486395835876,0.7467670440673828
1.0,466.0,126.0,26.382798194885254,31.555723667144775,16.41195461153984,0.661512017250061
1.0,470.0,126.0,30.2147855758667,26.351861000061035,16.532333850860596,0.5414751768112183
1.0,474.0,126.0,34.23159122467041,19.798375129699707,16.917806051671505,0.3431621491909027
1.0,478.0,126.0,36.16708946228027,15.024922370910645,16.634624481201172,0.41085705161094666
1.0,482.0,126.0,40.25233697891235,11.33122444152832,15.011849880218506,0.44095951318740845
1.0,486.0,126.0,45.02347373962402,7.865121841430664,13.246538281440735,0.20552857220172882
1.0,486.0,126.0,43.347620487213135,6.94587516784668,13.479952335357666,0.29041117429733276
1.0,490.0,126.0,46.3982310295105,3.888307809829712,11.26033878326416,0.6135196685791016
1.0,494.0,126.0,49.00649833679199,0.5812773108482361,9.630952835083008,0.8617947101593018
1.0,498.0,126.0,51.54100143909454,-3.9391727447509766,7.514296531677246,0.9234145283699036
1.0,502.0,126.0,52.11128652095795,-7.802223205566406,3.1017050743103027,0.8922513723373413
1.0,506.0,126.0,52.71670722961426,-12.41482162475586,-1.2898387908935547,0.6965265274047852
0.0,510.0,126.0,52.85377508401871,-13.581439971923828,-3.6977477073669434,0.08896037191152573
1.0,398.0,130.0,-45.196258902549744,112.1739456653595,12.172675371170044,0.13617920875549316
1.0,402.0,130.0,-41.55357599258423,110.70481777191162,13.962725162506104,0.288185715675354
1.0,406.0,130.0,-37.38584804534912,107.26935338973999,15.900012969970703,0.36838430166244507
1.0,410.0,130.0,-32.37167263031006,100.85231971740723,15.24191415309906,0.6373668313026428
1.0,414.0,130.0,-28.840256214141846,94.08844566345215,18.05729579925537,0.6947596669197083
1.0,418.0,130.0,-24.438994646072388,89.34022665023804,16.120384693145752,0.9399986863136292
1.0,422.0,130.0,-21.00036633014679,84.0281230211258,14.537750720977783,0.9553872346878052
1.0,426.0,130.0,-18.689051628112793,78.2236385345459,12.174814701080322,0.9442498087882996
1.0,430.0,130.0,-15.997553825378418,73.3085765838623,10.571889638900757,0.9082372784614563
1.0,434.0,130.0,-12.335749626159668,68.35394191741943,10.686669111251831,0.8121364116668701
1.0,438.0,130.0,-9.854624509811401,65.53783798217773,5.329431772232056,0.7250981330871582
1.0,442.0,130.0,-5.632783889770508,60.48184108734131,6.289002180099487,0.8742088079452515
1.0,446.0,130.0,-0.3415250778198242,53.05423617362976,9.327556371688843,0.8928860425949097
1.0,450.0,130.0,4.173079490661621,47.4012565612793,11.30730128288269,0.6346051096916199
1.0,454.0,130.0,7.941885948181152,42.67389965057373,13.563463687896729,0.8540500402450562
1.0,458.0,130.0,13.307497501373291,38.108078956604004,15.251858949661255,0.8142640590667725
1.0,462.0,130.0,17.479793548583984,33.876976013183594,16.26159358024597,0.6861492991447449
1.0,466.0,130.0,21.049586415290833,29.11765742301941,16.673601269721985,0.6072285175323486
1.0,470.0,130.0,25.4498348236084,23.856401443481445,16.888992972671986,0.44319456815719604
1.0,474.0,130.0,29.256314277648926,18.066137313842773,16.9661353379488,0.30806657671928406
1.0,478.0,130.0,32.89488887786865,13.079656600952148,16.239744663238525,0.23285648226737976
1.0,482.0,130.0,36.96652698516846,9.475833892822266,15.510684788227081,0.31620171666145325
1.0,486.0,130.0,40.2020902633667,5.167364120483398,14.421664953231812,0.2854558229446411
1.0,490.0,130.0,43.32706642150879,1.0378508567810059,13.345804929733276,0.37971174716949463
1.0,494.0,130.0,45.22682762145996,-3.411236047744751,12.339608907699585,0.4423919916152954
1.0,498.0,130.0,47.69136619567871,-7.107784271240234,11.542097091674805,0.5401515960693359
1.0,498.0,130.0,47.668500900268555,-7.219259738922119,11.193835258483887,0.27525854110717773
1.0,502.0,130.0,49.39610838890076,-11.47639274597168,9.163905143737793,0.7922789454460144
1.0,506.0,130.0,51.69866609573364,-16.94999122619629,6.550055503845215,0.4882689416408539
1.0,506.0,130.0,51.935420989990234,-18.336654663085938,3.3829461336135864,0.3390265107154846
1.0,510.0,130.0,53.11171245574951,-24.299962043762207,1.3107357621192932,0.5292087197303772
1.0,398.0,134.0,-49.59073781967163,111.56588363647461,12.011222839355469,0.1507578194141388
1.0,402.0,134.0,-46.308092407882214,108.9781928062439,14.186042785644531,0.4949566721916199
1.0,406.0,134.0,-41.94347047805786,103.9769229888916,16.539618492126465,0.7986941337585449
1.0,410.0,134.0,-37.75734043121338,98.87742137908936,17.306236267089844,0.432984858751297
1.0,410.0,134.0,-35.33624744415283,95.80607986450195,17.793118476867676,0.2477981597185135
1.0,410.0,134.0,-36.740365982055664,97.5163745880127,15.016601346433163,0.2374410480260849
1.0,414.0,134.0,-34.260467529296875,91.26589488983154,15.382433891296387,0.925355076789856
1.0,418.0,134.0,-31.44849967956543,86.55175876617432,13.45166540145874,0.9710638523101807
1.0,422.0,134.0,-27.92967987060547,81.2253669500351,11.838097095489502,0.9550331830978394
1.0,426.0,134.0,-24.15863871574402,75.899649143219,9.763272762298584,0.911056399345398
1.0,430.0,134.0,-21.54605746641755,70.35435390472412,8.711757004261017,0.8775042295455933
1.0,434.0,134.0,-19.577960968017578,66.44252109527588,7.102774143218994,0.7463498711585999
1.0,438.0,134.0,-15.584245204925537,65.40468215942383,1.8941543102264404,0.6302516460418701
1.0,442.0,134.0,-12.088892817497253,58.77331352233887,3.325483560562134,0.7916435599327087
1.0,446.0,134.0,-7.323979377746582,51.01845055818558,6.293238401412964,0.8438667058944702
1.0,450.0,134.0,-2.248154640197754,43.82535934448242,8.926311254501343,0.7769198417663574
1.0,454.0,134.0,1.556380271911621,39.226444244384766,11.23820185661316,0.27052929997444153
1.0,454.0,134.0,3.871580123901367,38.96774101257324,10.748847007751465,0.21936751902103424
1.0,454.0,134.0,1.1335721015930176,39.203383445739746,9.53943395614624,0.25253403186798096
1.0,458.0,134.0,7.3106231689453125,35.38919115066528,12.13844633102417,0.5726068019866943
1.0,462.0,134.0,10.986204147338867,31.157977238297462,13.860210418701172,0.5892550945281982
1.0,466.0,134.0,14.963130950927734,26.719944953918457,14.923707246780396,0.6256332993507385
1.0,470.0,134.0,17.848589420318604,22.270917892456055,15.752601861953735,0.5744909644126892
1.0,474.0,134.0,22.060155510902405,16.241406440734863,16.298304736614227,0.38578706979751587
1.0,478.0,134.0,26.43125283718109,9.224417686462402,15.416354835033417,0.2558404803276062
1.0,482.0,134.0,30.584312677383423,4.552300453186035,15.320982336997986,0.20675970613956451
1.0,486.0,134.0,34.703057289123535,0.7214460372924805,14.861306637525558,0.20799212157726288
1.0,490.0,134.0,38.934489250183105,-2.815225124359131,14.293309211730957,0.2629226744174957
1.0,494.0,134.0,42.07392597198486,-6.867405533790588,13.249816656112671,0.40914446115493774
1.0,498.0,134.0,43.86130619049072,-10.842856884002686,12.251964092254639,0.5896479487419128
1.0,502.0,134.0,45.36170768737793,-15.598653793334961,11.127776622772217,0.5377070307731628
1.0,506.0,134.0,49.65246295928955,-21.821186065673828,8.116595387458801,0.5602162480354309
1.0,510.0,134.0,52.106356620788574,-26.64408302307129,7.491332173347473,0.5263603329658508
1.0,514.0,134.0,56.4059636592865,-34.28023624420166,7.433558106422424,0.36767664551734924
1.0,518.0,134.0,58.75952994823456,-39.16296315193176,7.131949067115784,0.29922500252723694
1.0,522.0,134.0,60.93743872642517,-44.13532304763794,3.3353205919265747,0.27854859828948975
1.0,526.0,134.0,62.111523389816284,-47.18861961364746,-1.092427372932434,0.20434455573558807
1.0,530.0,134.0,60.3378689289093,-50.84409475326538,-15.501323699951172,0.2588801383972168
1.0,534.0,134.0,60.98332464694977,-55.51651859283447,-15.497159004211426,0.2913212776184082
0.0,538.0,134.0,60.890114545822144,-58.96772873401642,-17.888626098632812,0.17779754102230072
1.0,398.0,138.0,-54.942002296447754,110.7088451385498,12.025743961334229,0.17893366515636444
1.0,402.0,138.0,-51.633028984069824,106.57248592376709,14.633448600769043,0.5918486714363098
1.0,406.0,138.0,-47.1127125620842,100.60166072845459,16.490154266357422,0.9032580256462097
1.0,410.0,138.0,-43.074623107910156,92.27460479736328,14.581808090209961,0.4185504615306854
1.0,410.0,138.0,-43.27156162261963,93.49118232727051,17.24604892730713,0.3549096882343292
1.0,414.0,138.0,-38.65825271606445,86.82076072692871,12.487542152404785,0.4128967523574829
1.0,414.0,138.0,-39.31783485412598,88.14524555206299,13.126338481903076,0.5727301836013794
1.0,418.0,138.0,-36.557005882263184,84.12432360649109,11.778285264968872,0.7819063663482666
1.0,422.0,138.0,-32.90480709075928,78.77441549301147,9.480345666408539,0.8745954632759094
1.0,426.0,138.0,-29.60468101501465,74.25293064117432,7.843332469463348,0.8333555459976196
1.0,430.0,138.0,-26.843820095062256,71.36743545532227,5.604520082473755,0.7030268311500549
1.0,434.0,138.0,-24.198167085647583,68.49342632293701,3.0436854362487793,0.5957295894622803
1.0,438.0,138.0,-17.759082317352295,64.41220378875732,0.9795925617218018,0.4119361937046051
1.0,442.0,138.0,-14.857454061508179,58.256531715393066,2.0157015323638916,0.4394107162952423
1.0,446.0,138.0,-12.249979496002197,51.329084038734436,3.152104616165161,0.5225173234939575
1.0,450.0,138.0,-8.884210348129272,42.39131259918213,5.131123781204224,0.4594738781452179
1.0,454.0,138.0,-6.260860443115234,37.62571048736572,6.97280478477478,0.22168374061584473
1.0,454.0,138.0,-3.3998875617980957,38.50918102264404,3.3401646614074707,0.1996203362941742
1.0,458.0,138.0,-0.4564967155456543,34.042813777923584,4.34556245803833,0.2682221233844757
1.0,462.0,138.0,1.157449722290039,31.305484533309937,6.5295329093933105,0.24843259155750275
1.0,466.0,138.0,9.50010871887207,25.007797241210938,10.933638095855713,0.23641490936279297
1.0,466.0,138.0,4.119241893291473,27.146448373794556,7.807211399078369,0.15530765056610107
1.0,470.0,138.0,13.552359104156494,19.227725982666016,12.834750890731812,0.4044470489025116
1.0,474.0,138.0,16.833378076553345,13.131778717041016,14.343867063522339,0.30835095047950745
1.0,478.0,138.0,20.8403263092041,5.850685119628906,14.071914851665497,0.3107925355434418
1.0,482.0,138.0,25.381178617477417,1.4705657958984375,14.39640037715435,0.2707262337207794
1.0,486.0,138.0,29.454498648643494,-2.871330976486206,14.649861752986908,0.27321580052375793
1.0,490.0,138.0,33.388232707977295,-6.705055058002472,14.734602853655815,0.32416242361068726
1.0,494.0,138.0,37.226430892944336,-10.26553750038147,14.235039353370667,0.4385737180709839
1.0,498.0,138.0,40.569716453552246,-14.309371948242188,13.203269600868225,0.5436607599258423
1.0,502.0,138.0,43.176849365234375,-19.380635261535645,13.189189434051514,0.5196211338043213
1.0,506.0,138.0,45.85436725616455,-26.173757553100586,12.182904839515686,0.30245277285575867
1.0,510.0,138.0,51.70117259025574,-37.74014687538147,21.342618942260742,0.13812430202960968
1.0,510.0,138.0,50.15493202209473,-31.90554141998291,12.894887566566467,0.19148114323616028
1.0,514.0,138.0,57.727312088012695,-43.635231018066406,24.128684997558594,0.15563414990901947
1.0,514.0,138.0,55.1785192489624,-38.80722093582153,14.205553650856018,0.0825926885008812
1.0,518.0,138.0,58.301878929138184,-46.85195732116699,23.689045429229736,0.15428426861763
1.0,518.0,138.0,57.836983025074005,-44.09886837005615,12.877405762672424,0.09797267615795135
1.0,522.0,138.0,60.1219265460968,-47.931761741638184,10.427223801612854,0.20657621324062347
1.0,526.0,138.0,62.25521492958069,-51.67706775665283,6.185441613197327,0.2507222890853882
1.0,530.0,138.0,60.96526050567627,-54.77402067184448,-11.713098526000977,0.15643078088760376
1.0,530.0,138.0,62.824331760406494,-54.02326774597168,0.8989028334617615,0.15145806968212128
1.0,534.0,138.0,62.59091663360596,-60.20146656036377,-11.78990364074707,0.37576600909233093
1.0,538.0,138.0,63.84113311767578,-64.32529258728027,-14.103313446044922,0.44874078035354614
1.0,542.0,138.0,63.05429458618164,-65.80395698547363,-16.977284908294678,0.20060791075229645
1.0,546.0,138.0,72.9083089530468,-79.16332626342773,-16.85086762905121,0.07474739104509354
1.0,398.0,142.0,-59.82322692871094,108.12035417556763,12.482590675354004,0.10861976444721222
1.0,402.0,142.0,-56.447909355163574,103.16345500946045,14.823676109313965,0.6049409508705139
1.0,406.0,142.0,-53.1828351020813,96.6818733215332,16.230388641357422,0.7034340500831604
1.0,410.0,142.0,-47.76233649253845,90.07540893554688,13.939712524414062,0.8987789750099182
1.0,414.0,142.0,-44.39474534988403,84.71981430053711,11.265615463256836,0.9507979154586792
1.0,418.0,142.0,-41.73331642150879,79.23426055908203,10.255942821502686,0.8968169093132019
1.0,422.0,142.0,-38.43967819213867,74.36906880140305,8.161539793014526,0.7489185333251953
1.0,426.0,142.0,-36.800188064575195,70.95767951011658,4.218714952468872,0.4444449841976166
1.0,426.0,142.0,-32.70528316497803,74.64462232589722,5.225262880325317,0.22820539772510529
1.0,430.0,142.0,-36.13332557678223,70.9588840007782,-0.5616555213928223,0.22556591033935547
0.0,430.0,142.0,-29.045507431030273,73.12987804412842,1.0718374252319336,0.14143042266368866
0.0,434.0,142.0,-35.63577842712402,71.41030597686768,-4.225597381591797,0.1649554967880249
0.0,434.0,142.0,-26.023643970489502,71.83715343475342,-1.8817167282104492,0.13003388047218323
0.0,438.0,142.0,-17.074944972991943,61.94453525543213,-1.6927400827407837,0.07582621276378632
0.0,438.0,142.0,-35.126312255859375,72.32387506961823,-6.114762306213379,0.05060989782214165
0.0,438.0,142.0,-24.190853357315063,71.2992057800293,-3.455026626586914,0.057077739387750626
0.0,466.0,142.0,2.322688579559326,26.88047957420349,4.466528415679932,0.12223221361637115
0.0,470.0,142.0,4.901149392127991,20.502368927001953,7.038257122039795,0.2441246062517166
0.0,474.0,142.0,12.14779281616211,14.708368301391602,12.101039409637451,0.05698240175843239
1.0,474.0,142.0,14.665239334106445,9.875509262084961,11.720643043518066,0.10834799706935883
0.0,474.0,142.0,7.457190036773682,14.359292030334473,6.063120365142822,0.10410906374454498
1.0,478.0,142.0,16.598841667175293,4.398893356323242,11.555227041244507,0.25572922825813293
1.0,482.0,142.0,19.458565711975098,-1.150033950805664,12.278700828552246,0.2723391652107239
1.0,486.0,142.0,25.007007837295532,-5.448215365409851,13.651578485965729,0.29067298769950867
1.0,490.0,142.0,29.37917196750641,-9.964757442474365,14.116958737373352,0.3751755356788635
1.0,494.0,142.0,32.59320831298828,-14.504801750183105,14.135981231927872,0.5071704387664795
1.0,498.0,142.0,35.27444362640381,-18.682406425476074,14.127796351909637,0.5616111159324646
1.0,502.0,142.0,39.32681655883789,-23.471895217895508,14.636235445737839,0.5160732269287109
1.0,506.0,142.0,41.805853843688965,-32.85986614227295,19.931594848632812,0.37380799651145935
1.0,510.0,142.0,49.005385622382164,-40.63912133127451,27.110785484313965,0.26245003938674927
1.0,514.0,142.0,55.32154893875122,-46.512197494506836,28.784343242645264,0.2187517136335373
1.0,518.0,142.0,55.87497091293335,-49.92852306365967,27.70607352256775,0.20012998580932617
1.0,522.0,142.0,57.049893379211426,-52.023797035217285,24.372750759124756,0.092681385576725
1.0,522.0,142.0,58.73776435852051,-54.68018341064453,23.645147800445557,0.13525131344795227
1.0,526.0,142.0,60.4640588760376,-58.803364753723145,20.103951454162598,0.224908709526062
1.0,530.0,142.0,63.10384654998779,-62.077773094177246,13.175577402114868,0.13597509264945984
1.0,530.0,142.0,61.39262866973877,-61.631277561187744,17.67098617553711,0.10647126287221909
1.0,534.0,142.0,65.33015823364258,-67.31220626831055,10.275218963623047,0.2304234355688095
1.0,538.0,142.0,67.88163900375366,-73.17095732688904,7.886162757873535,0.34843698143959045
1.0,542.0,142.0,69.85500717163086,-77.88686537742615,4.926811218261719,0.2665262222290039
1.0,542.0,142.0,68.8748767375946,-77.74466514587402,-9.26059627532959,0.15932700037956238
1.0,546.0,142.0,70.33601927757263,-82.03015327453613,-10.945960998535156,0.32748502492904663
1.0,550.0,142.0,71.57606756687164,-85.91302967071533,-13.584399223327637,0.3202160894870758
1.0,554.0,142.0,72.2295600771904,-89.30204916000366,-17.269596338272095,0.13659553229808807
1.0,402.0,146.0,-66.11204433441162,99.91069841384888,14.460382461547852,0.23338650166988373
1.0,402.0,146.0,-61.36252975463867,99.25940799713135,14.855273246765137,0.22111091017723083
1.0,406.0,146.0,-56.60659646987915,91.45404434204102,13.97116756439209,0.5448706746101379
1.0,410.0,146.0,-54.29836082458496,87.40976524353027,11.31363296508789,0.9443005919456482
1.0,414.0,146.0,-50.58941376209259,82.56620502471924,8.611747741699219,0.9743160009384155
1.0,418.0,146.0,-47.446733474731445,76.55558562278748,6.693726062774658,0.9618698358535767
1.0,422.0,146.0,-43.60307216644287,72.8986667394638,5.400223534554243,0.8347915410995483
1.0,426.0,146.0,-40.983633041381836,70.6419997215271,0.9825453758239746,0.4699519872665405
1.0,430.0,146.0,-39.750600814819336,71.47813701629639,-2.7060461044311523,0.18441058695316315
0.0,470.0,146.0,2.6750279664993286,24.04552459716797,1.0316648483276367,0.15040405094623566
1.0,486.0,146.0,16.709425926208496,-9.511818885803223,8.999800682067871,0.19415141642093658
1.0,490.0,146.0,22.281263828277588,-13.80146074295044,10.810590267181396,0.389595627784729
1.0,494.0,146.0,27.34079736471176,-18.512913703918457,13.651591062545776,0.5094741582870483
1.0,498.0,146.0,31.277881383895874,-23.75229835510254,14.621003724634647,0.5546820759773254
1.0,502.0,146.0,35.25409698486328,-30.349363327026367,19.558881759643555,0.3025549650192261
1.0,502.0,146.0,34.41042232513428,-28.927200317382812,15.795083045959473,0.1701086312532425
1.0,502.0,146.0,34.961795806884766,-25.89324951171875,14.675711452960968,0.15486647188663483
1.0,506.0,146.0,39.875240325927734,-38.231180906295776,29.127727270126343,0.43082395195961
1.0,510.0,146.0,46.401668548583984,-44.99034786224365,34.02346992492676,0.33666035532951355
1.0,514.0,146.0,50.46928358078003,-50.70352649688721,33.209150195121765,0.2665504515171051
1.0,518.0,146.0,52.64426112174988,-53.8508358001709,30.214934825897217,0.13939274847507477
1.0,518.0,146.0,51.93902635574341,-54.554019927978516,32.122533082962036,0.09666214138269424
1.0,522.0,146.0,54.4571533203125,-56.8705358505249,29.23789730668068,0.18441715836524963
1.0,526.0,146.0,56.625614166259766,-61.557645320892334,26.09236240386963,0.17071513831615448
1.0,530.0,146.0,59.20455360412598,-66.40083935856819,23.957955837249756,0.18835952877998352
1.0,534.0,146.0,63.4931640625,-71.29623985290527,19.586267948150635,0.13117603957653046
1.0,534.0,146.0,61.00363540649414,-70.61200046539307,24.672828197479248,0.09137271344661713
1.0,538.0,146.0,66.96590375900269,-77.68740326166153,20.228332042694092,0.35332584381103516
1.0,542.0,146.0,69.90343713760376,-83.60412311553955,18.014673948287964,0.43636271357536316
0.0,546.0,146.0,70.9682582616806,-88.73118114471436,12.14664602279663,0.3780083954334259
1.0,550.0,146.0,69.44158291816711,-90.26711988449097,-9.635494232177734,0.48385125398635864
1.0,554.0,146.0,71.04952561855316,-92.91598749160767,-12.318242073059082,0.43654876947402954
1.0,402.0,150.0,-69.37176609039307,98.21463394165039,10.699824333190918,0.21682047843933105
1.0,406.0,150.0,-69.86005783081055,94.58259201049805,8.883988380432129,0.23655565083026886
1.0,406.0,150.0,-61.437968254089355,89.84383392333984,12.583972930908203,0.32200080156326294
1.0,410.0,150.0,-59.911179542541504,86.24963665008545,8.798160076141357,0.7961717247962952
1.0,414.0,150.0,-57.865697383880615,82.86520671844482,6.870216488838196,0.9076327085494995
1.0,418.0,150.0,-54.004966259002686,77.2027235031128,5.669528439640999,0.9049960374832153
1.0,422.0,150.0,-49.157785177230835,72.93683075904846,2.768101930618286,0.7039175629615784
1.0,426.0,150.0,-45.3456597328186,70.74334335327148,-1.4202170372009277,0.308301717042923
1.0,494.0,150.0,20.49398183822632,-24.630236625671387,9.959347814321518,0.39627185463905334
1.0,498.0,150.0,24.9079008102417,-28.02445411682129,14.241324424743652,0.5714473724365234
1.0,502.0,150.0,34.78754711151123,-36.2434983253479,28.460933685302734,0.29350990056991577
1.0,502.0,150.0,30.233970642089844,-32.896334171295166,15.867890357971191,0.22143523395061493
1.0,506.0,150.0,39.3212251663208,-44.13319277763367,36.827680587768555,0.47898077964782715
1.0,510.0,150.0,41.808266162872314,-49.30452632904053,36.061299324035645,0.4593776762485504
1.0,514.0,150.0,45.86034846305847,-54.064714431762695,34.217745542526245,0.3083209693431854
1.0,518.0,150.0,48.28885889053345,-56.298805236816406,33.865185260772705,0.2722882926464081
1.0,522.0,150.0,50.501475773751736,-59.421085357666016,32.12977313995361,0.21686169505119324
1.0,526.0,150.0,53.66006779670715,-64.30006718635559,30.56248915195465,0.15738335251808167
1.0,530.0,150.0,56.5932297706604,-69.6753363609314,29.14279629290104,0.15962108969688416
1.0,534.0,150.0,60.83969593048096,-75.24705791473389,30.848887085914612,0.1783299446105957
1.0,538.0,150.0,65.94983148574829,-80.65302467346191,30.075349807739258,0.2234436273574829
1.0,542.0,150.0,68.08739614486694,-86.8218641281128,28.177030563354492,0.35518428683280945
1.0,546.0,150.0,70.17989611625671,-91.8473892211914,22.474236488342285,0.3416789174079895
1.0,550.0,150.0,70.9163190126419,-95.36685752868652,17.21225893497467,0.3038475513458252
1.0,554.0,150.0,70.1409854888916,-98.37868905067444,-10.118063926696777,0.5484625697135925
1.0,558.0,150.0,70.145343542099,-101.14102172851562,-13.31035852432251,0.38671255111694336
1.0,562.0,150.0,69.59235501289368,-102.56545829772949,-20.654032230377197,0.1124790757894516
0.0,390.0,154.0,-72.47325944900513,105.05070781707764,1.2394930124282837,0.10131201893091202
1.0,402.0,154.0,-72.08355236053467,96.83796882629395,7.339724540710449,0.2336001843214035
1.0,406.0,154.0,-72.05168581008911,92.90926551818848,5.993574142456055,0.32076749205589294
1.0,410.0,154.0,-64.41768264770508,86.7876787185669,6.577528119087219,0.594275951385498
0.0,414.0,154.0,-62.82722187042236,84.10518646240234,4.894680321216583,0.7514118552207947
0.0,418.0,154.0,-59.525941371917725,78.77151489257812,2.7859303951263428,0.7752922177314758
0.0,422.0,154.0,-54.558221101760864,74.31052911281586,0.6584792137145996,0.4027155339717865
0.0,426.0,154.0,-50.294384717941284,71.70135831832886,-2.527853012084961,0.14305749535560608
1.0,494.0,154.0,13.761090874671936,-28.8890438079834,7.614024639129639,0.1925230622291565
1.0,498.0,154.0,19.23534107208252,-32.19316816329956,11.877495050430298,0.4199064373970032
1.0,502.0,154.0,27.91305160522461,-43.49613690376282,34.08327317237854,0.4495648741722107
1.0,506.0,154.0,33.18124771118164,-48.04794919490814,35.46120746433735,0.4245131313800812
1.0,510.0,154.0,36.145636558532715,-52.14739990234375,36.49352264404297,0.3394346237182617
1.0,510.0,154.0,37.40478324890137,-51.980337142944336,34.7377313375473,0.3178046643733978
1.0,514.0,154.0,40.48390293121338,-56.6710262298584,36.13232755661011,0.5096263289451599
1.0,518.0,154.0,43.93426513671875,-59.93344688415527,34.21229887008667,0.5542287826538086
1.0,522.0,154.0,46.78746485710144,-63.25482535362244,33.31842660903931,0.383818656206131
1.0,526.0,154.0,49.957629680633545,-68.17100691795349,32.883827924728394,0.19325745105743408
1.0,530.0,154.0,53.72661781311035,-73.66924810409546,33.91252279281616,0.16422690451145172
1.0,534.0,154.0,58.25282001495361,-79.1506404876709,35.792439460754395,0.20197409391403198
1.0,538.0,154.0,64.75175857543945,-83.86194372177124,35.434492111206055,0.08921390026807785
1.0,538.0,154.0,61.73798942565918,-84.70376396179199,36.46293067932129,0.16340644657611847
1.0,542.0,154.0,66.19324588775635,-88.9358959197998,33.758609771728516,0.20849378407001495
1.0,546.0,154.0,64.39878416061401,-95.3972225189209,33.75572409341112,0.23570749163627625
0.0,550.0,154.0,64.96805429458618,-100.49507522583008,31.38490581512451,0.3366694152355194
0.0,554.0,154.0,66.16221189498901,-104.51223468780518,28.546674728393555,0.34239256381988525
1.0,558.0,154.0,69.63231158256531,-102.83523178100586,-10.97683572769165,0.20048905909061432
0.0,558.0,154.0,65.82458877563477,-108.96933937072754,2.3966052532196045,0.2977221608161926
1.0,562.0,154.0,68.53789138793945,-106.05871200561523,-16.396255016326904,0.35818055272102356
1.0,566.0,154.0,68.14470291137695,-106.92067527770996,-22.796618938446045,0.1281120628118515
0.0,390.0,158.0,-74.72678804397583,104.55957913398743,-0.5031803250312805,0.11142496764659882
0.0,402.0,158.0,-74.38641929626465,96.11762714385986,4.303582191467285,0.13091066479682922
0.0,406.0,158.0,-74.64419436454773,91.96353244781494,4.26168966293335,0.22681674361228943
0.0,410.0,158.0,-74.21420335769653,90.08857154846191,1.493370771408081,0.24041911959648132
0.0,410.0,158.0,-68.85018348693848,86.15275859832764,4.227225303649902,0.31064340472221375
0.0,414.0,158.0,-67.22477912902832,83.9304370880127,1.954284906387329,0.4942147433757782
0.0,418.0,158.0,-62.994256019592285,79.57605838775635,0.3248276710510254,0.6222473978996277
0.0,422.0,158.0,-58.0047926902771,75.88714838027954,-1.1681838035583496,0.21048349142074585
1.0,494.0,158.0,10.798131942749023,-33.08004140853882,9.972234815359116,0.10787225514650345
1.0,494.0,158.0,16.225966930389404,-41.21119260787964,32.25087070465088,0.060615964233875275
1.0,498.0,158.0,19.156354308128357,-43.15098309516907,33.426878452301025,0.4564627408981323
1.0,502.0,158.0,23.74637460708618,-45.73134446144104,34.77084904909134,0.589907705783844
1.0,506.0,158.0,28.623570442199707,-50.64793658256531,34.72569561004639,0.6751887798309326
1.0,510.0,158.0,31.562725067138672,-55.85667610168457,34.80760306119919,0.7158201932907104
1.0,514.0,158.0,36.429704666137695,-59.588107109069824,35.76623487472534,0.5690407156944275
1.0,518.0,158.0,39.658976554870605,-63.18387484550476,34.67609739303589,0.620967447757721
1.0,522.0,158.0,42.71638298034668,-67.21445146203041,34.87826442718506,0.4650927186012268
1.0,526.0,158.0,46.40094184875488,-71.6073203086853,34.80389738082886,0.2522766888141632
1.0,530.0,158.0,51.306624710559845,-76.99017143249512,35.325241565704346,0.18147696554660797
1.0,534.0,158.0,55.8084774017334,-81.40164852142334,37.26968002319336,0.16532382369041443
1.0,538.0,158.0,52.58725547790527,-89.0167670249939,36.40638679265976,0.0952393189072609
1.0,538.0,158.0,58.78026294708252,-86.09476661682129,37.66099739074707,0.1236405149102211
1.0,542.0,158.0,59.86090451478958,-95.85249137878418,36.32413387298584,0.2725265920162201
0.0,546.0,158.0,61.35375988483429,-100.54424285888672,36.17417097091675,0.33015578985214233
0.0,550.0,158.0,62.011738896369934,-105.90567588806152,35.142542362213135,0.3087826371192932
0.0,554.0,158.0,63.8423855304718,-108.98085165023804,31.61389970779419,0.3541734516620636
0.0,558.0,158.0,64.8533501625061,-111.28162097930908,28.77708387374878,0.17804044485092163
0.0,558.0,158.0,64.37632656097412,-113.73752212524414,6.709888935089111,0.17948338389396667
1.0,562.0,158.0,64.67561316490173,-114.00246334075928,-0.49285590648651123,0.28498372435569763
1.0,566.0,158.0,68.11194133758545,-108.17634391784668,-18.160937003791332,0.06289199739694595
1.0,566.0,158.0,63.9642059803009,-114.75348496437073,-6.220180511474609,0.08223474025726318
0.0,398.0,162.0,-77.00688683986664,99.347975730896,1.045828938484192,0.14171040058135986
0.0,402.0,162.0,-77.05049788951874,95.57640552520752,2.1807613372802734,0.11333382874727249
0.0,406.0,162.0,-76.57779240608215,91.51914978027344,3.40244722366333,0.1659134477376938
0.0,410.0,162.0,-75.74876379966736,89.48324966430664,1.2054811716079712,0.21701161563396454
0.0,414.0,162.0,-74.552743434906,89.7431583404541,0.7073060870170593,0.10743611305952072
0.0,414.0,162.0,-70.14269638061523,83.856764793396,-0.050522804260253906,0.21151885390281677
0.0,418.0,162.0,-64.47946166992188,79.88774919509888,-2.2081494331359863,0.2453536093235016
1.0,494.0,162.0,12.563502311706543,-40.97613763809204,32.50148034095764,0.181160569190979
1.0,498.0,162.0,15.18402910232544,-44.17686676979065,33.81786930561066,0.5498927235603333
1.0,502.0,162.0,20.413363605737686,-47.779715180397034,34.821336925029755,0.545505702495575
1.0,506.0,162.0,24.14078664779663,-53.78175449371338,35.390304416418076,0.6129654049873352
1.0,510.0,162.0,26.941120624542236,-59.824021339416504,35.662315871566534,0.6428430676460266
1.0,514.0,162.0,29.956223487854004,-63.924448013305664,36.05794122815132,0.23468181490898132
1.0,514.0,162.0,34.67364311218262,-63.471973180770874,35.985291957855225,0.30956557393074036
1.0,518.0,162.0,37.733049392700195,-67.10810458660126,35.63267469406128,0.34801897406578064
1.0,522.0,162.0,34.195749402046204,-72.88414001464844,35.86343967914581,0.19939762353897095
1.0,522.0,162.0,40.61859703063965,-70.94887733459473,35.64492177963257,0.17554423213005066
1.0,526.0,162.0,37.75101947784424,-77.57241249084473,36.41462540626526,0.2098727822303772
1.0,530.0,162.0,41.46029472351074,-82.12657260894775,36.5280365049839,0.16392011940479279
1.0,534.0,162.0,45.41961097717285,-88.04557049274445,36.49294337630272,0.1773773431777954
1.0,538.0,162.0,48.60984420776367,-91.8433985710144,36.33182644844055,0.2110605388879776
1.0,542.0,162.0,56.90241026878357,-99.98434066772461,36.547749042510986,0.24188357591629028
0.0,546.0,162.0,58.40026021003723,-104.74895763397217,36.91634273529053,0.2547600269317627
0.0,550.0,162.0,58.61565089225769,-109.54942798614502,35.87458109855652,0.20407508313655853
0.0,554.0,162.0,60.279224935919046,-112.61131525039673,33.677964225411415,0.241315096616745
0.0,558.0,162.0,61.096146047115326,-114.63034725189209,31.2094087600708,0.21737423539161682
0.0,562.0,162.0,62.00836622714996,-114.8215959072113,27.736277103424072,0.08474813401699066
1.0,562.0,162.0,61.55249664187431,-117.30638509988785,4.465049743652344,0.07867757230997086
0.0,402.0,166.0,-77.53274089097977,93.19494342803955,2.233424425125122,0.12502941489219666
0.0,406.0,166.0,-76.51422560214996,91.12259483337402,2.090850353240967,0.2030673623085022
0.0,410.0,166.0,-75.189932346344,89.31293106079102,1.467563509941101,0.20696523785591125
0.0,414.0,166.0,-74.90927076339722,89.72749519348145,1.231641411781311,0.07886867225170135
0.0,414.0,166.0,-69.99297714233398,85.87481880187988,-0.15629148483276367,0.11637618392705917
1.0,494.0,166.0,10.129966735839844,-43.105618953704834,33.59536552429199,0.21847158670425415
0.0,494.0,166.0,-0.8327884674072266,-44.15604519844055,30.339864253997803,0.12012334167957306
1.0,498.0,166.0,13.496800899505615,-46.404252767562866,34.404303669929504,0.40015488862991333
1.0,502.0,166.0,18.111512899398804,-51.73273420333862,35.76532243937254,0.35043811798095703
1.0,506.0,166.0,21.54162245988846,-57.32461929321289,36.04144644737244,0.37454918026924133
1.0,510.0,166.0,23.15249490737915,-62.289122581481934,36.01214998960495,0.40199607610702515
1.0,514.0,166.0,23.824687957763672,-67.83837127685547,35.029770612716675,0.20013904571533203
1.0,514.0,166.0,25.779945850372314,-65.12115669250488,36.16118270158768,0.12344081699848175
1.0,518.0,166.0,27.167089462280273,-71.09570121765137,35.57093060016632,0.31406551599502563
1.0,522.0,166.0,29.973582983016968,-75.0587100982666,36.01449912786484,0.26878905296325684
1.0,526.0,166.0,33.80248987674713,-79.81120586395264,36.453304708004,0.22144067287445068
1.0,530.0,166.0,37.95977020263672,-85.47618359327316,36.588426262140274,0.1920100897550583
1.0,534.0,166.0,43.009310722351074,-91.91981220245361,36.53095343708992,0.20358388125896454
1.0,538.0,166.0,47.292880058288574,-96.34770774841309,36.324057936668396,0.16367755830287933
1.0,542.0,166.0,53.816948890686035,-103.4837760925293,36.64044451713562,0.2430703341960907
0.0,546.0,166.0,55.219775676727295,-108.51863288879395,36.88642406463623,0.22830255329608917
0.0,550.0,166.0,54.836867332458496,-113.3554859161377,35.8928325176239,0.1757122427225113
0.0,554.0,166.0,55.455814361572266,-115.51235890388489,33.93226854503155,0.15222881734371185
0.0,558.0,166.0,55.479236125946045,-116.28911811113358,31.404449701309204,0.11122076213359833
0.0,410.0,170.0,-74.7966034412384,89.9397964477539,3.7041568756103516,0.11264986544847488
0.0,414.0,170.0,-74.65432262420654,90.68238067626953,2.997331142425537,0.0480564646422863
0.0,414.0,170.0,-69.70965576171875,87.76282978057861,1.882932186126709,0.06402046233415604
1.0,490.0,170.0,8.201297760009766,-43.55417466163635,33.71609568595886,0.06354910880327225
1.0,490.0,170.0,-3.1587600708007812,-43.56512403488159,32.165791511535645,0.0650867223739624
1.0,494.0,170.0,9.223148345947266,-46.081113159656525,34.40565311908722,0.1923292577266693
1.0,498.0,170.0,11.30726146697998,-49.53138875961304,34.9738113284111,0.2547576129436493
1.0,502.0,170.0,15.6737699508667,-54.08623027801514,35.94246035814285,0.2494509220123291
1.0,506.0,170.0,18.502766609191895,-58.83793926239014,35.78404666483402,0.2930346429347992
1.0,510.0,170.0,19.97715401649475,-62.60174369812012,35.80707773566246,0.26596009731292725
0.0,514.0,170.0,12.686029434204102,-68.41573143005371,34.69426888227463,0.1017056405544281
1.0,514.0,170.0,22.579148292541504,-69.4337272644043,35.472036838531494,0.162540003657341
1.0,514.0,170.0,20.326490238308907,-65.12434768676758,36.07533884048462,0.10996329039335251
1.0,518.0,170.0,25.560270309448242,-72.71614646911621,35.771536111831665,0.2899901866912842
1.0,522.0,170.0,28.194678783416748,-76.99707794189453,36.14373356103897,0.30522650480270386
1.0,526.0,170.0,31.76772904396057,-83.03497266769409,36.59716060757637,0.2898879647254944
1.0,530.0,170.0,35.744224071502686,-89.53429102897644,36.67037209868431,0.257674902677536
1.0,534.0,170.0,40.841824531555176,-95.75286865234375,36.48056906461716,0.2782825827598572
0.0,538.0,170.0,50.27031993865967,-105.79222965240479,35.99769067764282,0.14092405140399933
1.0,538.0,170.0,44.17428493499756,-100.16035270690918,36.37486559152603,0.11744409799575806
0.0,542.0,170.0,50.56788444519043,-109.0556869506836,36.83558249473572,0.21117989718914032
0.0,546.0,170.0,51.35734939575195,-112.43610334396362,36.283462047576904,0.1434212028980255
0.0,490.0,174.0,6.724226951599121,-47.14023870229721,34.50960171222687,0.10627129673957825
1.0,490.0,174.0,-3.366105079650879,-45.21530842781067,33.12931299209595,0.10596597194671631
1.0,494.0,174.0,7.359109878540039,-50.16915464401245,34.578100085258484,0.23141470551490784
1.0,498.0,174.0,0.8897027969360352,-54.76102256774902,34.38469195365906,0.14817234873771667
1.0,498.0,174.0,10.519379615783691,-52.64193916320801,34.92227512598038,0.22939622402191162
1.0,502.0,174.0,3.575104236602783,-58.49611473083496,34.69022077322006,0.1854398399591446
1.0,502.0,174.0,13.120782375335693,-56.12313461303711,34.977547109127045,0.22230170667171478
1.0,506.0,174.0,6.979425430297852,-62.48753499984741,35.14304256439209,0.24153009057044983
1.0,506.0,174.0,14.059995174407959,-59.73232555389404,34.79325956106186,0.1936640739440918
0.0,510.0,174.0,9.424099922180176,-64.88245677947998,35.44460944831371,0.3024396300315857
1.0,510.0,174.0,14.222768306732178,-62.406293869018555,34.773709177970886,0.16399195790290833
0.0,514.0,174.0,10.606890678405762,-67.62363213300705,35.585840756073594,0.29401177167892456
1.0,518.0,174.0,22.85249423980713,-75.688889503479,36.25538295507431,0.36889779567718506
1.0,522.0,174.0,25.877062797546387,-80.66896486282349,36.46630272269249,0.44040775299072266
1.0,526.0,174.0,29.414559364318848,-87.02364337444305,36.71449936926365,0.46929338574409485
1.0,530.0,174.0,33.72553026676178,-92.99877214431763,36.71034537255764,0.42453256249427795
1.0,534.0,174.0,38.37525510787964,-98.52784061431885,36.74904701113701,0.3133775293827057
0.0,538.0,174.0,47.88904094696045,-108.91783714294434,36.56687641143799,0.10177139937877655
1.0,538.0,174.0,40.716206550598145,-102.41333389282227,36.49256679415703,0.07609593868255615
0.0,538.0,174.0,39.467697620391846,-111.26865291595459,33.10704302787781,0.1462164670228958
0.0,542.0,174.0,48.11916446685791,-111.9864239692688,35.77899384498596,0.13539843261241913
0.0,542.0,174.0,41.998045921325684,-114.0552167892456,32.923768043518066,0.10942847281694412
0.0,546.0,174.0,49.05680847167969,-114.8367327451706,34.761637449264526,0.13460864126682281
0.0,418.0,178.0,-68.24924278259277,82.88211059570312,0.9903221130371094,0.03758488968014717
0.0,418.0,178.0,-20.832667350769043,-54.568355560302734,32.089977741241455,0.02546003647148609
0.0,486.0,178.0,7.313605308532715,-46.28545466065407,34.14943277835846,0.09003093093633652
1.0,486.0,178.0,-4.858104705810547,-44.87210202217102,29.6384060382843,0.11250486969947815
0.0,490.0,178.0,7.587052345275879,-48.902292251586914,34.000075936317444,0.23249343037605286
1.0,490.0,178.0,-4.496298789978027,-46.5287663936615,29.739123344421387,0.12877188622951508
1.0,494.0,178.0,2.5054941177368164,-54.19537162780762,35.113098829984665,0.18649812042713165
0.0,494.0,178.0,8.856215476989746,-51.8388032913208,34.22140395641327,0.2111431211233139
1.0,498.0,178.0,2.249479293823242,-56.34969520568848,35.447475865483284,0.30970650911331177
0.0,498.0,178.0,10.1961030960083,-54.39929676055908,34.277911901474,0.1643543690443039
1.0,502.0,178.0,2.9661402702331543,-59.84835433959961,35.450117602944374,0.48550739884376526
1.0,506.0,178.0,5.39111328125,-62.66142129898071,35.776501819491386,0.5296953916549683
0.0,510.0,178.0,6.512760162353516,-65.08841037750244,35.97461688518524,0.5596920251846313
0.0,514.0,178.0,7.700102806091309,-67.6505980193615,36.20055574178696,0.5488049387931824
0.0,518.0,178.0,9.460318565368652,-71.06545925140381,36.483996629714966,0.3207937479019165
1.0,518.0,178.0,19.653042793273926,-78.31102228164673,36.023921728134155,0.2885972559452057
1.0,522.0,178.0,22.935368537902832,-82.2228193283081,36.379750072956085,0.6353413462638855
1.0,526.0,178.0,27.039488792419434,-88.64716219902039,36.582539200782776,0.6409562826156616
1.0,530.0,178.0,30.879438996315002,-94.62244033813477,36.61041209101677,0.5474593639373779
1.0,534.0,178.0,35.95556616783142,-99.17805480957031,36.7581654638052,0.335653692483902
0.0,538.0,178.0,38.913851261138916,-112.44249629974365,32.560057640075684,0.26730120182037354
0.0,542.0,178.0,41.00128746032715,-115.51199007034302,32.097113847732544,0.2156032919883728
0.0,546.0,178.0,49.139671325683594,-115.63271975517273,34.4150887131691,0.10212564468383789
1.0,546.0,178.0,44.27362823486328,-118.09400272369385,30.820011019706726,0.08318021148443222
1.0,550.0,178.0,49.68118190765381,-115.89607948064804,32.866355538368225,0.070661261677742
0.0,482.0,182.0,8.296215057373047,-44.37129092216492,33.078728914260864,0.0577537827193737
0.0,482.0,182.0,-6.173539161682129,-44.34894621372223,26.90237134695053,0.05752093717455864
0.0,486.0,182.0,9.084970474243164,-46.354959934949875,33.415738344192505,0.17273946106433868
0.0,490.0,182.0,10.089563369750977,-49.68305993080139,33.53770446777344,0.28245165944099426
0.0,494.0,182.0,4.909834861755371,-55.375680923461914,35.95754134654999,0.22099299728870392
0.0,494.0,182.0,10.01024341583252,-52.493560791015625,33.75473177433014,0.2794276773929596
0.0,498.0,182.0,4.2067365646362305,-57.33994770050049,35.81963327527046,0.4281221628189087
0.0,502.0,182.0,4.25930118560791,-59.91046190261841,35.703752882778645,0.5755013823509216
0.0,506.0,182.0,5.291762351989746,-62.61352348327637,35.932491421699524,0.6154598593711853
0.0,510.0,182.0,5.830822944641113,-65.57072675228119,36.189979553222656,0.6333749890327454
0.0,514.0,182.0,6.187221527099609,-68.47647738456726,36.2791822552681,0.6362771987915039
0.0,518.0,182.0,7.104828834533691,-71.71241855621338,36.67734754085541,0.537585973739624
1.0,522.0,182.0,20.678007125854492,-82.94400262832642,36.31567424535751,0.6318064332008362
1.0,526.0,182.0,24.176274299621582,-88.45521640777588,36.485731452703476,0.724387526512146
1.0,530.0,182.0,28.1639986038208,-94.06928014755249,36.51221230626106,0.6089485883712769
1.0,534.0,182.0,32.542687233537436,-98.7290391921997,36.62319302558899,0.3707987666130066
0.0,538.0,182.0,37.49062919616699,-112.85719156265259,32.98794150352478,0.2844924330711365
1.0,542.0,182.0,39.426713943481445,-115.58520364761353,32.41460466384888,0.21188631653785706
1.0,546.0,182.0,42.05671215057373,-117.8044650554657,31.138006925582886,0.11234938353300095
0.0,482.0,186.0,11.672989845275879,-43.80657076835632,31.898712396621704,0.06239486113190651
0.0,486.0,186.0,11.434386253356934,-46.10818022489548,32.7601375579834,0.148984894156456
0.0,490.0,186.0,12.049833297729492,-49.29187250137329,33.58426237106323,0.31063559651374817
0.0,494.0,186.0,11.308976173400879,-52.53355169296265,33.90732526779175,0.3913404047489166
0.0,498.0,186.0,5.78138542175293,-57.35001182556152,35.82021789252758,0.35709133744239807
0.0,498.0,186.0,11.665283203125,-55.14846134185791,33.970927715301514,0.29739484190940857
0.0,502.0,186.0,5.565499305725098,-59.417359828948975,35.75464800000191,0.5234291553497314
0.0,506.0,186.0,5.346260070800781,-62.021578311920166,35.797256380319595,0.6120737195014954
0.0,510.0,186.0,5.257213592529297,-65.28924536705017,35.87843379378319,0.6267800331115723
0.0,514.0,186.0,5.295729637145996,-68.53473615646362,36.02681344747543,0.641844630241394
0.0,518.0,186.0,5.43223762512207,-72.14320659637451,36.366399347782135,0.6218421459197998
0.0,522.0,186.0,7.423098564147949,-76.30649852752686,36.47705519199371,0.27328556776046753
0.0,522.0,186.0,18.825032234191895,-82.35946488380432,36.31567460298538,0.4358827471733093
0.0,526.0,186.0,21.425338745117188,-87.133349776268,36.47450453042984,0.6730979084968567
0.0,530.0,186.0,24.910147666931152,-92.28116035461426,36.48428884148598,0.5676748156547546
0.0,534.0,186.0,27.80682611465454,-97.14232063293457,36.57101622223854,0.3449280560016632
1.0,538.0,186.0,33.714311957359314,-112.72258234024048,33.82579731941223,0.2715336084365845
1.0,542.0,186.0,37.02639198303223,-115.32218790054321,32.944549560546875,0.2177388072013855
1.0,546.0,186.0,39.53330707550049,-117.09791922569275,31.603176593780518,0.12739233672618866
1.0,550.0,186.0,41.088101387023926,-118.65374207496643,29.744674026966095,0.06937757134437561
0.0,486.0,190.0,13.622986793518066,-46.26264864206314,32.364078760147095,0.12539581954479218
0.0,490.0,190.0,13.62562894821167,-49.135446071624756,33.39683961868286,0.2822536826133728
0.0,494.0,190.0,12.608500957489014,-51.66936922073364,33.77455961704254,0.43329930305480957
0.0,498.0,190.0,7.183682441711426,-56.80625247955322,35.82844802737236,0.2589157521724701
0.0,498.0,190.0,12.186771392822266,-54.705270290374756,33.973360538482666,0.3735547959804535
0.0,502.0,190.0,6.490176200866699,-58.63998317718506,35.726259753108025,0.40745875239372253
0.0,502.0,190.0,12.564902305603027,-56.59408950805664,34.242664217948914,0.2382786124944687
0.0,506.0,190.0,5.989740371704102,-61.07797193527222,35.64058867841959,0.5120413899421692
0.0,510.0,190.0,4.88970947265625,-64.73621392250061,35.57417020946741,0.547594428062439
0.0,514.0,190.0,4.365697860717773,-68.57396268844604,35.67093497514725,0.585167407989502
0.0,518.0,190.0,4.6990251541137695,-71.9959716796875,36.061115354299545,0.6053243279457092
0.0,522.0,190.0,6.130916595458984,-75.34704399108887,36.35735821723938,0.47746866941452026
0.0,526.0,190.0,18.74059772491455,-86.17410217225552,36.642089545726776,0.529954195022583
0.0,530.0,190.0,21.612348556518555,-90.73638200759888,36.60939505696297,0.5334044098854065
0.0,534.0,190.0,24.17636775970459,-95.38347911834717,36.51537173986435,0.34310978651046753
0.0,538.0,190.0,26.74700164794922,-98.48044967651367,36.822763971984386,0.13020271062850952
1.0,538.0,190.0,27.946399211883545,-112.29614734649658,34.680763721466064,0.2507117688655853
1.0,542.0,190.0,31.58773472905159,-115.32961750030518,34.2165150642395,0.3042580485343933
1.0,546.0,190.0,34.2501277923584,-117.07142519950867,33.0818817615509,0.1879236251115799
0.0,550.0,190.0,35.77133584022522,-118.05564618110657,31.496548533439636,0.10394185036420822
0.0,486.0,194.0,17.39502191543579,-45.85103893280029,31.396103382110596,0.12881742417812347
0.0,490.0,194.0,15.511754989624023,-48.85878372192383,33.15515995025635,0.19821512699127197
0.0,494.0,194.0,14.21977186203003,-51.09084892272949,33.743420004844666,0.3728105127811432
0.0,498.0,194.0,12.608639240264893,-53.68060255050659,33.74315106868744,0.4556136429309845
0.0,502.0,194.0,8.4884614944458,-58.089253425598145,36.00301766395569,0.2612746059894562
0.0,502.0,194.0,12.821210384368896,-55.96971893310547,33.84253633022308,0.35030490159988403
0.0,506.0,194.0,7.721429824829102,-60.56023931503296,35.78288571536541,0.41338396072387695
0.0,510.0,194.0,6.045065879821777,-64.19033527374268,35.563888762146235,0.4683398902416229
0.0,514.0,194.0,4.970237731933594,-67.47174468636513,35.77275988459587,0.5846667885780334
0.0,518.0,194.0,5.624625205993652,-70.04290723800659,36.005937069654465,0.6094458699226379
0.0,522.0,194.0,6.788364410400391,-72.29906845092773,36.39613139629364,0.5634480118751526
0.0,526.0,194.0,7.792654037475586,-74.82195615768433,36.41508728265762,0.3863697052001953
0.0,526.0,194.0,16.902256965637207,-83.81780743598938,36.47906917333603,0.2365999072790146
0.0,530.0,194.0,19.084404945373535,-87.88168466091156,36.69033318758011,0.45354413986206055
0.0,534.0,194.0,21.19881534576416,-91.75395774841309,36.63249933719635,0.43950679898262024
0.0,538.0,194.0,23.432854652404785,-94.93421077728271,36.77674287557602,0.24775594472885132
1.0,538.0,194.0,23.777605056762695,-112.55608463287354,35.54994249343872,0.19845783710479736
0.0,542.0,194.0,26.50989866256714,-115.28720283508301,34.994205951690674,0.2864767909049988
0.0,546.0,194.0,28.69152069091797,-116.78479719161987,34.42715644836426,0.15898287296295166
0.0,486.0,198.0,20.811927646398544,-44.75372862815857,31.132948398590088,0.07530740648508072
0.0,490.0,198.0,19.37986421585083,-47.46627253293991,32.4699547290802,0.10133836418390274
0.0,494.0,198.0,17.47838568687439,-50.07479524612427,33.75745725631714,0.1620742827653885
0.0,498.0,198.0,14.335805892944336,-52.67574167251587,33.56746053695679,0.4019377529621124
0.0,502.0,198.0,12.629109382629395,-55.02148628234863,33.35252594947815,0.44005584716796875
0.0,506.0,198.0,10.325895309448242,-59.45256233215332,36.131345331668854,0.2080400139093399
0.0,506.0,198.0,12.273222923278809,-56.85274124145508,33.773521900177,0.3130439519882202
0.0,510.0,198.0,8.978402137756348,-62.227550983428955,35.938469022512436,0.3278890550136566
0.0,510.0,198.0,12.782343864440918,-58.58876705169678,34.42627012729645,0.18644839525222778
0.0,514.0,198.0,7.7158050537109375,-64.57716917991638,35.878569811582565,0.49915170669555664
0.0,518.0,198.0,8.531533241271973,-65.9454835653305,36.03150188922882,0.5117983222007751
0.0,522.0,198.0,9.020026206970215,-68.53186476230621,36.23840546607971,0.49040305614471436
0.0,526.0,198.0,9.172928810119629,-70.90297555923462,36.485724687576294,0.4727396070957184
0.0,530.0,198.0,9.025891304016113,-72.55334615707397,35.96896451711655,0.34775397181510925
0.0,530.0,198.0,16.420536041259766,-83.34657120704651,36.04328382015228,0.22075620293617249
0.0,534.0,198.0,18.70492935180664,-87.15787357091904,36.50704574584961,0.3810693919658661
0.0,538.0,198.0,21.37522602081299,-89.77853536605835,36.95856114290655,0.3262050747871399
0.0,542.0,198.0,23.483118057250977,-114.84757804870605,34.76893997192383,0.21325978636741638
0.0,546.0,198.0,25.152117252349854,-116.87162661552429,34.419055461883545,0.08902310580015182
0.0,498.0,202.0,16.928058862686157,-51.114445209503174,33.27384638786316,0.1160096600651741
0.0,502.0,202.0,14.40729808807373,-53.934253215789795,33.68418598175049,0.2472556233406067
0.0,506.0,202.0,13.443523406982422,-55.51169013977051,33.67993092536926,0.3041441738605499
0.0,510.0,202.0,12.093276977539062,-57.09827518463135,33.71746480464935,0.3118996322154999
0.0,514.0,202.0,11.164229393005371,-58.34123706817627,33.638254165649414,0.3006995916366577
0.0,518.0,202.0,11.060553550720215,-63.10923767089844,36.11416071653366,0.2608625292778015
0.0,518.0,202.0,10.226312637329102,-59.82662582397461,33.5917432308197,0.26515859365463257
0.0,522.0,202.0,11.7752046585083,-64.77228927612305,36.1108883023262,0.30668750405311584
0.0,522.0,202.0,10.201972007751465,-61.37098026275635,33.77786946296692,0.25045573711395264
0.0,526.0,202.0,11.220002174377441,-67.21302656829357,35.853913843631744,0.40005144476890564
0.0,526.0,202.0,10.098132133483887,-61.42055320739746,33.692747354507446,0.2222374677658081
0.0,530.0,202.0,10.77087688446045,-68.12090837955475,35.27017232775688,0.3620762228965759
0.0,530.0,202.0,10.5302095413208,-61.96815586090088,33.654574394226074,0.2375321388244629
0.0,534.0,202.0,10.78797435760498,-68.74517035484314,33.9656343460083,0.2153683304786682
0.0,534.0,202.0,16.569528579711914,-81.89493799209595,36.15003478527069,0.15698936581611633
0.0,534.0,202.0,11.720536231994629,-62.337514877319336,33.44085192680359,0.21582087874412537
0.0,538.0,202.0,18.739901542663574,-85.00350689888,36.65747830271721,0.15939660370349884
0.0,538.0,202.0,13.73233413696289,-61.94735240936279,33.79949975013733,0.11639615893363953
0.0,542.0,202.0,21.403098106384277,-116.18549251556396,32.41764497756958,0.0950964093208313
0.0,506.0,206.0,14.180956363677979,-53.5935845375061,34.08143508434296,0.09905996173620224
0.0,510.0,206.0,12.9781174659729,-55.45682334899902,34.17344379425049,0.15600456297397614
0.0,514.0,206.0,11.043488502502441,-56.69429874420166,34.25632858276367,0.21141745150089264
0.0,518.0,206.0,9.91663646697998,-57.74809169769287,34.27494955062866,0.24080012738704681
0.0,522.0,206.0,11.501190185546875,-62.709858417510986,35.307139694690704,0.17583227157592773
0.0,522.0,206.0,9.980287551879883,-59.12070369720459,34.56682336330414,0.27992936968803406
0.0,526.0,206.0,11.496183395385742,-64.03219819068909,34.92547392845154,0.2636036276817322
0.0,526.0,206.0,9.518109321594238,-59.96920394897461,34.15056765079498,0.3384411633014679
0.0,530.0,206.0,11.137725830078125,-64.70389938354492,34.39152228832245,0.2155735045671463
0.0,530.0,206.0,10.122925758361816,-59.962053298950195,33.90364873409271,0.3699150085449219
0.0,534.0,206.0,11.433996200561523,-59.51871585845947,33.81639289855957,0.3505207300186157
0.0,538.0,206.0,13.835397243499756,-58.365010261535645,34.3101145029068,0.16685059666633606
0.0,514.0,210.0,9.540226936340332,-53.08091354370117,35.125433802604675,0.0944179967045784
0.0,518.0,210.0,8.664002418518066,-59.970014572143555,34.31444752216339,0.07890412956476212
0.0,518.0,210.0,9.418941497802734,-54.63969802856445,35.230952113866806,0.1263209730386734
0.0,522.0,210.0,9.131110191345215,-60.987749099731445,34.313753962516785,0.13122089207172394
0.0,522.0,210.0,10.076297760009766,-55.89252471923828,35.165826708078384,0.16759607195854187
0.0,526.0,210.0,9.490528106689453,-61.97434711456299,34.09457051753998,0.1716541200876236
0.0,526.0,210.0,10.526947021484375,-57.09127616882324,34.85459816455841,0.23707568645477295
0.0,530.0,210.0,10.859909057617188,-56.75681972503662,34.4171496629715,0.23087914288043976
0.0,534.0,210.0,11.695826530456543,-56.23685836791992,34.02843451499939,0.20752772688865662
0.0,538.0,210.0,12.939392566680908,-55.36961841583252,34.34863984584808,0.08582460135221481
0.0,518.0,214.0,6.291878700256348,-59.44723320007324,33.148160219192505,0.049899835139513016
0.0,518.0,214.0,8.537490844726562,-51.50851058959961,35.19726449251175,0.051865942776203156
0.0,522.0,214.0,7.206191062927246,-59.85203409194946,33.317776679992676,0.06730757653713226
0.0,522.0,214.0,9.39503002166748,-52.34242105484009,35.019797801971436,0.07304781675338745
0.0,526.0,214.0,7.746496200561523,-60.16595697402954,33.33373141288757,0.06656087934970856
0.0,526.0,214.0,9.953709602355957,-52.974366664886475,34.58568739891052,0.09229617565870285
0.0,530.0,214.0,7.502896308898926,-60.49510431289673,33.80600881576538,0.04699038714170456
0.0,530.0,214.0,10.35943603515625,-52.337767124176025,34.09963417053223,0.09061583876609802
0.0,534.0,214.0,10.511402130126953,-51.88368272781372,33.766199350357056,0.07418577373027802
0.0,522.0,218.0,6.433440208435059,-58.93698215484619,33.468955755233765,0.02710729092359543
0.0,522.0,218.0,-32.585877418518066,83.17847812175751,5.215092182159424,0.019365523010492325
0.0,522.0,218.0,7.643679618835449,-49.006367206573486,34.76705604791641,0.026909030973911285
0.0,526.0,218.0,6.595385551452637,-59.1083869934082,33.511088609695435,0.02716352976858616
0.0,526.0,218.0,-32.15566444396973,82.69432562589645,4.641793727874756,0.02357538416981697
0.0,526.0,218.0,7.991766929626465,-49.548429012298584,34.3551629781723,0.03177504613995552
0.0,526.0,222.0,5.315873146057129,-58.23469924926758,33.25619125366211,0.018807535991072655
0.0,526.0,222.0,-47.322062492370605,84.75912952423096,7.546577215194702,0.019752081483602524
0.0,526.0,222.0,-33.67659282684326,83.23027694225311,4.964941740036011,0.028293751180171967
0.0,526.0,222.0,6.893370628356934,-47.55327183008194,34.15778863430023,0.01591332256793976
0.0,518.0,226.0,1.8325109481811523,-58.201096534729004,32.405871629714966,0.022654028609395027
0.0,518.0,226.0,-48.960230588912964,83.96315383911133,6.890814185142517,0.04272223636507988
0.0,518.0,226.0,-33.85885429382324,81.88502103090286,5.791171312332153,0.03745514154434204
0.0,522.0,226.0,2.6518096923828125,-58.247910499572754,32.86317849159241,0.0237662885338068
0.0,522.0,226.0,-48.60485649108887,84.00174522399902,6.808527708053589,0.0379190668463707
0.0,522.0,226.0,-34.20526695251465,81.95649924874306,5.061492204666138,0.03358229249715805
0.0,526.0,226.0,3.3451786041259766,-58.202637672424316,33.09031105041504,0.02153194323182106
0.0,526.0,226.0,-48.00308918952942,83.92455959320068,6.999385237693787,0.03447674587368965
0.0,526.0,226.0,-34.46807098388672,82.04985028505325,4.951059103012085,0.03378298878669739
0.0,518.0,230.0,-50.7740883231163,82.05951595306396,5.245126232504845,0.04791728034615517
0.0,522.0,230.0,-50.368351221084595,82.83318424224854,5.724930047988892,0.05126446485519409
